imdb_title_identifier,domestic_gross,international_gross,worldwide_gross,name
tt0010323,8811,0,8811,The Cabinet of Dr. Caligari
tt0012190,9183673,0,9183673,The Four Horsemen of the Apocalypse
tt0012378,488,0,488,The Last Door
tt0012494,12156,0,12156,Destiny
tt0015648,51198,6422,57620,Battleship Potemkin
tt0017136,1236166,113545,1349711,Metropolis
tt0017162,2993,0,2993,Moana
tt0017354,0,0,0,The Sea Beast
tt0018737,53485,3987,57472,Pandora's Box
tt0019254,21877,0,21877,The Passion of Joan of Arc
tt0021577,32712,0,32712,L'Age d'Or
tt0021749,19181,0,19181,City Lights
tt0022100,35566,0,35566,M
tt0023293,25678,8971,34649,The Old Dark House
tt0027478,36438,1564,38002,The Crime of Monsieur Lange
tt0027977,163577,291853,455430,Modern Times
tt0029453,155895,0,155895,Pï¿½ï¿½ï¿½ï¿½ï
tt0029583,184925486,0,184925486,Snow White and the Seven Dwarfs
tt0030643,27389,12234,39623,Port of Shadows
tt0031381,200852579,201500000,402352579,Gone with the Wind
tt0031514,35321,0,35321,Le Jour Se Leve
tt0031885,273641,0,273641,The Rules of the Game
tt0032138,24438411,1142310,25580721,The Wizard of Oz
tt0032145,624643,0,624643,Wuthering Heights
tt0032384,5247,0,5247,Sarajevo
tt0032455,76408097,0,76408097,Fantasia
tt0032910,84254167,37637878,121892045,Pinocchio
tt0033467,1585634,0,1585634,Citizen Kane
tt0033516,66032,174787,240819,Darshan
tt0034167,16361885,0,16361885,Sergeant York
tt0034492,102247150,165200000,267447150,Bambi
tt0034583,4108411,71478,4179889,Casablanca
tt0035423,47121859,28897189,76019048,Kate & Leopold
tt0035429,47214,0,47214,Went the Day Well?
tt0035753,36089,0,36089,Le Corbeau
tt0036868,23650000,0,23650000,The Best Years of Our Lives
tt0037536,21333333,0,21333333,The Bells of St. Mary's
tt0037638,16172,0,16172,Detour
tt0037674,36986,0,36986,Children of Paradise
tt0038348,298718,0,298718,Beauty and the Beast
tt0038417,9719952,0,9719952,Cloak and Dagger
tt0038499,20408163,0,20408163,Duel in the Sun
tt0038824,46041,0,46041,Panique
tt0038969,37459346,0,37459346,Song of the South
tt0039155,9704,0,9704,Antoine and Antoinette
tt0039220,49466,11484,60950,Brighton Rock
tt0039631,64636,0,64636,Monsieur Verdoux
tt0039739,180974,0,180974,Quai des Orfï¿½ï¿½
tt0040338,341121,32064,373185,The Fallen Idol
tt0040481,14276,0,14276,It Always Rains on Sunday
tt0040522,371111,57867,428978,Bicycle Thieves
tt0040682,11818,0,11818,Les Parents Terribles
tt0041154,13254,0,13254,Late Spring
tt0041546,35948,44847,80795,Kind Hearts and Coronets
tt0041800,11321,0,11321,Rendezvous in July
tt0041959,1067364,29754,1097118,The Third Man
tt0042192,63463,0,63463,All About Eve
tt0042332,93141149,0,93141149,Cinderella
tt0042619,47000,0,47000,Diary of a Country Priest
tt0043278,267824,0,267824,An American in Paris
tt0043588,1708839,0,1708839,The Girl on the Bridge
tt0043686,19889,0,19889,Forbidden Games
tt0044000,50512,0,50512,The White Sheik
tt0044103,91930,14930,106860,The Tales of Hoffmann
tt0044602,30590,0,30590,Fanfan la Tulipe
tt0044672,36000000,0,36000000,The Greatest Show on Earth
tt0044741,60239,0,60239,Ikiru
tt0044876,8718,0,8718,The Man in the White Suit
tt0045152,1826108,4826,1830934,Singin' in the Rain
tt0045205,24476,0,24476,Sudden Fear
tt0045251,28980,0,28980,Othello
tt0045274,71816,0,71816,Umberto D.
tt0045793,36416,0,36416,From Here to Eternity
tt0045826,10158,0,10158,Glen or Glenda
tt0045888,23750000,0,23750000,House of Wax
tt0045981,15552,0,15552,When You Read This Letter
tt0046004,29505,0,29505,Little Fugitive
tt0046022,130561,0,130561,The Earrings of Madame De...
tt0046183,87404651,0,87404651,Peter Pan
tt0046247,36000000,0,36000000,The Robe
tt0046451,131548,0,131548,Touchez Pas au Grisbi
tt0046478,11197,13762,24959,Ugetsu
tt0046521,116428,3915,120343,I Vitelloni
tt0046712,8171,0,8171,Anatahan
tt0046816,21750000,0,21750000,The Caine Mutiny
tt0046912,12562,6254,18816,Dial M for Murder
tt0047034,562711,0,562711,Godzilla
tt0047396,36764313,125056,36889369,Rear Window
tt0047469,27723,0,27723,Senso
tt0047478,271841,4124,275965,Seven Samurai
tt0047522,4335968,0,4335968,A Star Is Born
tt0047673,928298,0,928298,White Christmas
tt0047821,68167,0,68167,Le Amiche
tt0047892,15586,0,15586,Bob le Flambeur
tt0048021,517975,3367,521342,Rififi
tt0048280,93602326,0,93602326,Lady and the Tramp
tt0048308,120306,160008,280314,Lola Montï¿½
tt0048960,42000000,0,42000000,Around the World in 80 Days
tt0049261,177909,0,177909,Giant
tt0049833,65500000,0,65500000,The Ten Commandments
tt0049877,18297,0,18297,Four Bags Full
tt0050212,27200000,0,27200000,The Bridge on the River Kwai
tt0050669,8528,0,8528,Inspector Maigret
tt0050783,752045,0,752045,Nights of Cabiria
tt0050800,41802,0,41802,On the Bowery
tt0051378,374671,50983,425654,Elevator to the Gallows
tt0051852,17351,0,17351,The Law
tt0052311,2247465,18799,2266264,Touch of Evil
tt0052357,7311013,22995,7334008,Vertigo
tt0052618,74422622,0,74422622,Ben-Hur
tt0052698,95413,0,95413,Classe Tous Risques
tt0052893,96439,0,96439,Hiroshima Mon Amour
tt0053285,51600000,0,51600000,Sleeping Beauty
tt0053459,58565,0,58565,Eyes Without a Face
tt0053472,363031,0,363031,Breathless
tt0054098,161434,0,161434,The Great Mughal
tt0054130,39236,0,39236,La Notte
tt0054177,24296,0,24296,Le Petit Soldat
tt0054189,0,98030,98030,Purple Noon
tt0054215,32000000,0,32000000,Psycho
tt0054219,1656,0,1656,The Pusher
tt0054242,31539,0,31539,The Passionate Thief
tt0054331,1830650,0,1830650,Spartacus
tt0054357,40356000,0,40356000,Swiss Family Robinson
tt0054389,20615,0,20615,Shoot the Piano Player
tt0054407,34588,0,34588,Le Trou
tt0054632,207917,4977,212894,Last Year at Marienbad
tt0054758,50039,0,50039,Le combat dans l'ï¿½ï
tt0054821,82772,0,82772,Le Doulos
tt0054861,30945,0,30945,The Exiles
tt0055082,72078,0,72078,Lï¿½ï¿½ï¿½ï¿½ï¿½ï¿½
tt0055093,103951,0,103951,Lola
tt0055254,144880014,71000000,215880014,One Hundred and One Dalmatians
tt0055320,9080,0,9080,Il Posto
tt0055572,100665,0,100665,A Woman Is a Woman
tt0055614,44055492,0,44055492,West Side Story
tt0055928,16067035,0,16067035,Dr. No
tt0056085,76729,0,76729,How the West Was Won
tt0056141,6912,0,6912,A Kind of Loving
tt0056172,45306425,0,45306425,Lawrence of Arabia
tt0056210,400019,0,400019,Mafioso
tt0056218,2757256,0,2757256,The Manchurian Candidate
tt0056592,592237,0,592237,To Kill a Mockingbird
tt0056663,24517,0,24517,Vivre Sa Vie
tt0056751,264629,0,264629,Doctor Who
tt0056801,98760,0,98760,8ï¿
tt0056846,85840,0,85840,Bay of Angels
tt0056883,57962,0,57962,The Boom
tt0056937,57777778,0,57777778,Cleopatra
tt0057012,9440272,0,9440272,Dr. Strangelove or: How I Learned to Stop Worrying and Love the Bomb
tt0057076,24796765,0,24796765,From Russia with Love
tt0057193,46332858,0,46332858,It's a Mad Mad Mad Mad World
tt0057202,55038,0,55038,Le joli mai
tt0057345,903986,0,903986,Contempt
tt0057413,10878107,0,10878107,The Pink Panther
tt0057490,36463,0,36463,The Servant
tt0057546,12000000,0,12000000,The Sword in the Stone
tt0057869,66660,0,66660,Band of Outsiders
tt0057877,149327,0,149327,Becket
tt0058150,51081062,0,51081062,Goldfinger
tt0058182,1480356,699266,2179622,A Hard Day's Night
tt0058203,35144,0,35144,That Man from Rio
tt0058331,102272727,0,102272727,Mary Poppins
tt0058335,10600,0,10600,Marriage Italian Style
tt0058385,72560711,0,72560711,My Fair Lady
tt0058414,13063,0,13063,Nothing But a Man
tt0058450,28030,8402,36432,The Umbrellas of Cherbourg
tt0058461,14500000,0,14500000,A Fistful of Dollars
tt0058586,12368234,0,12368234,A Shot in the Dark
tt0058604,168100,0,168100,I Am Cuba
tt0058898,47696,0,47696,Alphaville
tt0058946,879794,42117,921911,The Battle of Algiers
tt0059012,126724,0,126724,Chimes at Midnight
tt0059113,111721910,0,111721910,Doctor Zhivago
tt0059418,20807,0,20807,Major Dundee
tt0059565,15532,0,15532,Six in Paris
tt0059578,15000000,0,15000000,For a Few Dollars More
tt0059592,87011,0,87011,Pierrot le Fou
tt0059709,4650,0,4650,Shakespeare-Wallah
tt0059742,158671368,0,158671368,The Sound of Music
tt0059800,63595658,0,63595658,Thunderball
tt0059803,13707,0,13707,Time to Die
tt0060107,102021,0,102021,Andrei Rublev
tt0060138,45406,0,45406,Au Hasard Balthazar
tt0060196,25100000,18063,25118063,"The Good, the Bad and the Ugly"
tt0060304,104038,0,104038,2 or 3 Things I Know About Her
tt0060315,25916,0,25916,Django
tt0060371,10233,0,10233,The Endless Summer
tt0060545,18010,0,18010,I Knew Her Well
tt0060647,95209,0,95209,Made in U.S.A
tt0060675,200380,0,200380,Masculin Fï¿½ï¿½ï
tt0060891,30245,2414,32659,The Nun
tt0060908,17646,484,18130,King of Hearts
tt0060959,13692,0,13692,Daisies
tt0061184,28000000,5040,28005040,Who's Afraid of Virginia Woolf?
tt0061328,17161,0,17161,Accident
tt0061395,4063348,12011,4075359,Belle de Jour
tt0061473,36488,0,36488,La Chinoise
tt0061722,104945305,0,104945305,The Graduate
tt0061735,56666667,0,56666667,Guess Who's Coming to Dinner
tt0061747,11000000,0,11000000,Hang 'Em High
tt0061852,141843612,64000000,205843612,The Jungle Book
tt0061913,8132,0,8132,Far from Vietnam
tt0061955,44566,0,44566,The Bride Wore Black
tt0062043,6201,0,6201,A Man Vanishes
tt0062512,43084787,0,43084787,You Only Live Twice
tt0062622,60541301,4350775,64892076,2001: A Space Odyssey
tt0062804,17527,0,17527,The Chronicle of Anna Magdalena Bach
tt0062824,3110000,0,3110000,Coogan's Bluff
tt0062873,91837,0,91837,The Young Girls of Rochefort
tt0062994,52223306,957,52224263,Funny Girl
tt0063032,53074,0,53074,The Great Silence
tt0063152,71717,0,71717,"Je t'aime, je t'aime"
tt0063161,407500,0,407500,Journey to Shiloh
tt0063227,18177,0,18177,The Lion in Winter
tt0063291,29647,0,29647,Memories of Underdevelopment
tt0063350,89029,0,89029,Night of the Living Dead
tt0063374,44527234,0,44527234,The Odd Couple
tt0063442,32589624,0,32589624,Planet of the Apes
tt0063462,111866,0,111866,The Producers
tt0063771,56558,0,56558,The Two of Us
tt0063823,992305,280956,1273261,Yellow Submarine
tt0064040,771956,68766,840722,Army of Shadows
tt0064115,102308889,0,102308889,Butch Cassidy and the Sundance Kid
tt0064276,123276,0,123276,Easy Rider
tt0064285,65051,0,65051,The Wild Child
tt0064418,400881,0,400881,"Hello, Dolly!"
tt0064603,51264000,0,51264000,The Love Bug
tt0064665,44785053,0,44785053,Midnight Cowboy
tt0064757,22774493,0,22774493,On Her Majesty's Secret Service
tt0064782,14500000,0,14500000,Paint Your Wagon
tt0064990,33216,0,33216,Mississippi Mermaid
tt0065126,276418,0,276418,True Grit
tt0065134,5050000,0,5050000,Two Mules for Sister Sara
tt0065207,7100000,0,7100000,Where Eagles Dare
tt0065214,638641,0,638641,The Wild Bunch
tt0065234,83305,0,83305,Z
tt0065377,100489151,0,100489151,Airport
tt0065421,35452658,0,35452658,The Aristocats
tt0065462,18999718,0,18999718,Beneath the Planet of the Apes
tt0065488,2695,0,2695,The Boys in the Band
tt0065531,369970,37908,407878,Le Cercle Rouge
tt0065571,58657,0,58657,The Conformist
tt0065775,13300000,0,13300000,Getting Straight
tt0065916,19319254,0,19319254,Joe
tt0065938,5200000,0,5200000,Kelly's Heroes
tt0065988,31559552,0,31559552,Little Big Man
tt0066011,106550690,0,106550690,Love Story
tt0066026,81600000,0,81600000,MASH
tt0066181,14000000,0,14000000,On a Clear Day You Can See Forever
tt0066206,61749765,0,61749765,Patton
tt0066434,2437000,0,2437000,THX 1138
tt0066491,14586,0,14586,Tristana
tt0066580,126562,194048,320610,Woodstock
tt0066819,1100000,0,1100000,The Beguiled
tt0066921,26589355,0,26589355,A Clockwork Orange
tt0066995,43819547,0,43819547,Diamonds Are Forever
tt0066999,35976000,0,35976000,Dirty Harry
tt0067065,12348905,0,12348905,Escape from the Planet of the Apes
tt0067093,10404330,0,10404330,Fiddler on the Roof
tt0067116,51700000,0,51700000,The French Connection
tt0067328,29133000,0,29133000,The Last Picture Show
tt0067409,35387,0,35387,Max and the Junkmen
tt0067454,33036,5367,38403,Multiple Maniacs
tt0067515,280710,0,280710,Octaman
tt0067541,50394,0,50394,Wake in Fright
tt0067588,10600000,0,10600000,Play Misty for Me
tt0067778,1160784,0,1160784,Murmur of the Heart
tt0067866,80302,75518,155820,El Topo
tt0067900,48040,0,48040,Un Flic
tt0067927,12442673,0,12442673,Vanishing Point
tt0067961,51713,0,51713,Wanda
tt0067992,526633,0,526633,Willy Wonka & the Chocolate Factory
tt0068028,19987,0,19987,Eight Hours Don't Make a Day
tt0068408,9043472,0,9043472,Conquest of the Planet of the Apes
tt0068537,587818,0,587818,Elvis on Tour
tt0068555,18016290,0,18016290,Everything You Always Wanted to Know About Sex * But Were Afraid to Ask
tt0068619,21197,0,21197,Ganja & Hess
tt0068646,134966411,110163857,245130268,The Godfather
tt0068699,15700000,0,15700000,High Plains Drifter
tt0068768,6330000,0,6330000,Joe Kidd
tt0069027,14104,0,14104,We Won't Grow Old Together
tt0069113,84563118,0,84563118,The Poseidon Adventure
tt0069495,66000000,0,66000000,"What's Up, Doc?"
tt0069704,115000000,0,115000000,American Graffiti
tt0069768,8844595,0,8844595,Battle for the Planet of the Apes
tt0069946,2300000,0,2300000,The Day of the Dolphin
tt0069966,3179,0,3179,Detroit 9000
tt0070047,232906145,208400000,441306145,The Exorcist
tt0070328,35377836,0,35377836,Live and Let Die
tt0070355,39768000,0,39768000,Magnum Force
tt0070379,32645,0,32645,Mean Streets
tt0070511,53267000,0,53267000,Papillon
tt0070666,29800000,0,29800000,Serpico
tt0070707,18344729,0,18344729,Sleeper
tt0070735,156000000,0,156000000,The Sting
tt0070849,36144000,0,36144000,Last Tango in Paris
tt0070902,16000,0,16000,Wattstax
tt0070903,45000000,0,45000000,The Way We Were
tt0070917,60891,0,60891,The Wicker Man
tt0071115,18600000,0,18600000,Alice Doesn't Live Here Anymore
tt0071129,125493,66700,192193,Amarcord
tt0071206,39552000,0,39552000,Benji
tt0071230,119601481,0,119601481,Blazing Saddles
tt0071315,29200000,0,29200000,Chinatown
tt0071360,4420000,0,4420000,The Conversation
tt0071381,31452,0,31452,Celine and Julie Go Boating
tt0071402,22000000,0,22000000,Death Wish
tt0071455,79666653,0,79666653,Earthquake
tt0071487,6172,0,6172,The Phantom of Liberty
tt0071562,47542841,100594,47643435,The Godfather: Part II
tt0071577,20563273,0,20563273,The Great Gatsby
tt0071604,28754,0,28754,Hearts and Minds
tt0071607,38229000,0,38229000,Herbie Rides Again
tt0071615,61001,34857,95858,The Holy Mountain
tt0071771,43008075,0,43008075,The Longest Yard
tt0071807,20972000,0,20972000,The Man with the Golden Gun
tt0071853,1827696,107370,1935066,Monty Python and the Holy Grail
tt0071877,27634716,0,27634716,Murder on the Orient Express
tt0072041,4546,0,4546,Promised Lands
tt0072081,41833347,0,41833347,The Return of the Pink Panther
tt0072204,13793,0,13793,Stavisky...
tt0072226,7500000,0,7500000,The Sugarland Express
tt0072271,30859000,0,30859000,The Texas Chain Saw Massacre
tt0072272,26890200,0,26890200,That's Entertainment!
tt0072288,21700000,0,21700000,Thunderbolt and Lightfoot
tt0072308,116000000,0,116000000,The Towering Inferno
tt0072431,86273333,0,86273333,Young Frankenstein
tt0072653,36853000,0,36853000,The Apple Dumpling Gang
tt0072665,1500000,0,1500000,At Long Last Love
tt0072750,3602023,0,3602023,Bug
tt0072890,50000000,0,50000000,Dog Day Afternoon
tt0072913,21779,0,21779,Master of the Flying Guillotine
tt0072926,14200000,0,14200000,The Eiger Sanction
tt0072951,20000000,0,20000000,Escape to Witch Mountain
tt0073015,2122703,0,2122703,Framed
tt0073018,12484444,0,12484444,French Connection II
tt0073026,39000000,0,39000000,Funny Lady
tt0073043,293053,0,293053,The Giant Spider Invasion
tt0073053,11000000,0,11000000,"Give 'em Hell, Harry!"
tt0073075,20642922,0,20642922,The Great Waldo Pepper
tt0073076,36923,0,36923,Grey Gardens
tt0073155,19120,0,19120,L'important c'est d'aimer
tt0073190,15700729,0,15700729,Once Is Not Enough
tt0073195,260000000,210653000,470653000,Jaws
tt0073312,20123742,0,20123742,Love and Death
tt0073317,24441725,0,24441725,Lucky Lady
tt0073440,9984123,0,9984123,Nashville
tt0073486,108981275,0,108981275,One Flew Over the Cuckoo's Nest
tt0073510,43214,111762,154976,Pantaleï¿½ï¿½ï¿½ï¿½ï¿½ï¿½ï¿½
tt0073540,49582,0,49582,Picnic at Hanging Rock
tt0073580,620155,131452,751607,The Passenger
tt0073629,112892319,0,112892319,The Rocky Horror Picture Show
tt0073692,49407734,0,49407734,Shampoo
tt0073778,51264,0,51264,Maggie's Stiletto Sisters
tt0073802,27476252,0,27476252,Three Days of the Condor
tt0073812,34251525,16989,34268514,Tommy
tt0073817,7876,0,7876,Swept Away
tt0074119,70600000,0,70600000,All the President's Men
tt0074152,38296,0,38296,Small Change
tt0074174,32211330,0,32211330,The Bad News Bears
tt0074205,3540307,0,3540307,The Big Bus
tt0074252,7144,0,7144,"Ugly, Dirty and Bad"
tt0074256,2783840,0,2783840,Bugsy Malone
tt0074285,33800000,0,33800000,Carrie
tt0074316,5021,0,5021,Chulas Fronteras
tt0074462,43539,16705,60244,Edvard Munch
tt0074483,46236000,0,46236000,The Enforcer
tt0074539,11234220,0,11234220,The Smurfs and the Magic Flute
tt0074599,21873000,0,21873000,Gus
tt0074751,52614445,0,52614445,King Kong
tt0074777,1819912,0,1819912,The Last Tycoon
tt0074798,5424178,0,5424178,Lifeguard
tt0074802,8328666,0,8328666,Lipstick
tt0074811,1924733,0,1924733,The Tenant
tt0074851,100072,396,100468,The Man Who Fell to Earth
tt0074860,21709020,0,21709020,Marathon Man
tt0074870,6048,0,6048,The Marquise of O
tt0074916,191953,0,191953,Mr. Klein
tt0074958,23689877,0,23689877,Network
tt0075005,60922980,0,60922980,The Omen
tt0075029,31800000,0,31800000,The Outlaw Josey Wales
tt0075040,12408,0,12408,Seven Beauties
tt0075066,33833201,0,33833201,The Pink Panther Strikes Again
tt0075148,117235147,0,117235147,Rocky
tt0075213,8091910,0,8091910,The Shootist
tt0075222,36145695,0,36145695,Silent Movie
tt0075223,51079064,0,51079064,Silver Streak
tt0075265,80000000,0,80000000,A Star Is Born
tt0075314,28262574,0,28262574,Taxi Driver
tt0075323,4979380,0,4979380,"That's Entertainment, Part II"
tt0075686,38251425,0,38251425,Annie Hall
tt0075718,19104350,0,19104350,The Bad News Bears in Breaking Training
tt0075765,15769322,0,15769322,Black Sunday
tt0075774,9300000,0,9300000,Bobby Deerfield
tt0075784,50750000,0,50750000,A Bridge Too Far
tt0075860,135189114,171700000,306889114,Close Encounters of the Third Kind
tt0075925,47346365,0,47346365,The Deep
tt0075938,26816,0,26816,"The Devil, Probably"
tt0076009,30749142,0,30749142,Exorcist II: The Heretic
tt0076042,43616,0,43616,A Grin Without A Cat
tt0076044,17732000,0,17732000,For the Love of Benji
tt0076052,290674,0,290674,Fraternity Row
tt0076054,25942000,0,25942000,Freaky Friday
tt0076070,26414658,0,26414658,The Gauntlet
tt0076123,815530,0,815530,Citizens Band
tt0076137,29000000,0,29000000,Herbie Goes to Monte Carlo
tt0076138,33500000,0,33500000,Heroes
tt0076141,31063038,0,31063038,High Anxiety
tt0076162,209765,0,209765,House
tt0076164,17368,0,17368,The Mighty Peking Man
tt0076175,1000000,0,1000000,March or Die
tt0076211,5596173,0,5596173,Islands in the Stream
tt0076234,839865,0,839865,Joseph Andrews
tt0076245,20714400,0,20714400,Julia
tt0076263,404508,12001,416509,Killer of Sheep
tt0076299,957,0,957,The Last Wave
tt0076306,306061,0,306061,Boarding School
tt0076327,22512655,0,22512655,Looking for Mr. Goodbar
tt0076451,16400000,0,16400000,"New York, New York"
tt0076489,41687243,0,41687243,"Oh, God!"
tt0076504,14717854,0,14717854,Orca
tt0076507,24652021,0,24652021,The Other Side of Midnight
tt0076538,39588000,0,39588000,Pete's Dragon
tt0076591,3223888,0,3223888,"Race for Your Life, Charlie Brown"
tt0076618,71215869,0,71215869,The Rescuers
tt0076628,27182,0,27182,Nest of Vipers
tt0076666,94213184,142900000,237113184,Saturday Night Fever
tt0076706,3456,0,3456,Short Eyes
tt0076721,1318823,0,1318823,Skateboard
tt0076723,28000000,0,28000000,Slap Shot
tt0076729,126737428,0,126737428,Smokey and the Bandit
tt0076752,46838673,0,46838673,The Spy Who Loved Me
tt0076759,460998507,314400000,775398507,Star Wars: Episode IV - A New Hope
tt0076843,25933445,0,25933445,The Turning Point
tt0076855,19919,0,19919,"One Sings, the Other Doesn't"
tt0077158,7932571,0,7932571,American Hot Wax
tt0077199,7092495,0,7092495,The Bad News Bears Go to Japan
tt0077233,13062708,0,13062708,The Big Fix
tt0077248,6521083,0,6521083,Blue Collar
tt0077272,5011158,0,5011158,Brass Target
tt0077275,7909950,0,7909950,The Brink's Job
tt0077278,21671241,0,21671241,Buck Rogers in the 25th Century
tt0077280,14363400,0,14363400,The Buddy Holly Story
tt0077288,20424259,0,20424259,La Cage aux Folles
tt0077296,3930501,0,3930501,Caravans
tt0077360,9585769,0,9585769,Comes a Horseman
tt0077362,32653905,0,32653905,Coming Home
tt0077369,22765081,0,22765081,Convoy
tt0077372,15514367,0,15514367,Corvette Summer
tt0077394,26518355,0,26518355,Omen II: Damien
tt0077405,3446749,0,3446749,Days of Heaven
tt0077413,14560084,0,14560084,Death on the Nile
tt0077416,48979328,12498,48991826,The Deer Hunter
tt0077504,44917151,0,44917151,The End
tt0077523,85196485,0,85196485,Every Which Way but Loose
tt0077530,20000000,0,20000000,Eyes of Laura Mars
tt0077531,20388920,0,20388920,F.I.S.T.
tt0077557,641768,0,641768,Five Days from Home
tt0077572,7230000,0,7230000,Force 10 from Navarone
tt0077578,44999621,0,44999621,Foul Play
tt0077621,7435671,0,7435671,Goin' South
tt0077629,5438927,0,5438927,Gray Lady Down
tt0077631,188755690,206200000,394955690,Grease
tt0077636,14672713,0,14672713,The Greek Tycoon
tt0077651,47000000,0,47000000,Halloween
tt0077663,81640278,0,81640278,Heaven Can Wait
tt0077696,78000000,0,78000000,Hooper
tt0077699,28460702,0,28460702,House Calls
tt0077714,1944682,0,1944682,I Wanna Hold Your Hand
tt0077742,10432366,0,10432366,Interiors
tt0077743,7009238,0,7009238,International Velvet
tt0077745,24946533,0,24946533,Invasion of the Body Snatchers
tt0077766,81766007,106118000,187884007,Jaws 2
tt0077807,7325177,0,7325177,King of the Gypsies
tt0077830,69338,0,69338,BBC2 Play of the Week: Langrishe Go Down
tt0077838,322313,14772,337085,The Last Waltz
tt0077869,30471420,0,30471420,The Lord of the Rings
tt0077928,35000000,0,35000000,Midnight Express
tt0077942,10963824,0,10963824,Moment by Moment
tt0077975,141600000,0,141600000,National Lampoon's Animal House
tt0078008,9453,0,9453,Northern Lights
tt0078011,52195,0,52195,Nunzio
tt0078034,16928137,0,16928137,The One and Only
tt0078044,11565678,0,11565678,The Other Side of the Mountain: Part II
tt0078047,1997705,0,1997705,Our Winning Season
tt0078056,7185518,0,7185518,Paradise Alley
tt0078111,5786368,0,5786368,Pretty Baby
tt0078158,16393000,0,16393000,Return from Witch Mountain
tt0078163,49579269,0,49579269,Revenge of the Pink Panther
tt0078199,19703082,0,19703082,"Same Time, Next Year"
tt0078227,37187139,0,37187139,Semi-Tough
tt0078239,20378470,0,20378470,Sgt. Pepper's Lonely Hearts Club Band
tt0078326,9900000,0,9900000,Straight Time
tt0078346,134451603,166000000,300451603,Superman
tt0078442,494797,0,494797,Uncle Joe Shannon
tt0078446,44364244,0,44364244,Up in Smoke
tt0078504,21049053,0,21049053,The Wiz
tt0078718,33300000,0,33300000,And Justice for All
tt0078721,74865517,0,74865517,10
tt0078723,31755742,60700000,92455742,1941
tt0078736,7500000,0,7500000,Agatha
tt0078740,13015688,0,13015688,The Concorde... Airport '79
tt0078748,80931801,24000000,104931801,Alien
tt0078754,37823676,0,37823676,All That Jazz
tt0078757,85493,0,85493,An Almost Perfect Affair
tt0078766,6171763,0,6171763,Americathon
tt0078767,86432000,0,86432000,The Amityville Horror
tt0078788,83471511,7916979,91388490,Apocalypse Now Redux
tt0078790,20931111,0,20931111,The Apple Dumpling Gang Rides Again
tt0078841,30177511,0,30177511,Being There
tt0078869,35841901,0,35841901,The Black Hole
tt0078872,37799643,0,37799643,The Black Stallion
tt0078879,8218695,0,8218695,Bloodline
tt0078902,16424918,0,16424918,Breaking Away
tt0078919,5136913,0,5136913,Butch and Sundance: The Early Days
tt0078950,30441738,0,30441738,The Champ
tt0078966,51718367,0,51718367,The China Syndrome
tt0078976,784181,0,784181,City on Fire
tt0079010,78736,0,78736,Christ Stopped at Eboli
tt0079013,5610280,0,5610280,Cuba
tt0079073,20158970,0,20158970,Dracula
tt0079100,61801971,0,61801971,The Electric Horseman
tt0079116,43000000,0,43000000,Escape from Alcatraz
tt0079137,444334,0,444334,Fast Charlie... the Moonbeam Rider
tt0079154,8281246,0,8281246,The Fish That Saved Pittsburgh
tt0079180,9346177,0,9346177,The Frisco Kid
tt0079182,11891,0,11891,Vengeance Is Mine
tt0079219,26869286,0,26869286,Going in Style
tt0079225,1247376,0,1247376,Goldengirl
tt0079239,4702575,0,4702575,The Great Santini
tt0079240,13027857,0,13027857,The Great Train Robbery
tt0079261,15284643,0,15284643,Hair
tt0079268,3000000,0,3000000,Hanover Street
tt0079285,9000000,0,9000000,Saturn 3
tt0079302,89134,0,89134,Home Movies
tt0079367,73691419,0,73691419,The Jerk
tt0079417,106260000,0,106260000,Kramer vs. Kramer
tt0079437,1537125,0,1537125,Last Embrace
tt0079450,11364985,0,11364985,The Legacy
tt0079470,20206622,508248,20714870,Monty Python's Life of Brian
tt0079486,3223197,0,3223197,Lost and Found
tt0079489,43885000,0,43885000,Love at First Bite
tt0079501,8750000,0,8750000,Mad Max
tt0079510,42800000,0,42800000,The Main Event
tt0079520,683353,0,683353,"A Man, a Woman and a Bank"
tt0079522,39946780,86213,40032993,Manhattan
tt0079540,43046003,0,43046003,Meatballs
tt0079550,8400000,0,8400000,Meteor
tt0079574,70308099,140000000,210308099,Moonraker
tt0079576,15014674,0,15014674,More American Graffiti
tt0079588,65810475,0,65810475,The Muppet Movie
tt0079638,22228000,0,22228000,Norma Rae
tt0079640,26079312,0,26079312,North Dallas Forty
tt0079668,9890597,0,9890597,The Onion Field
tt0079672,23488,0,23488,Opening Night
tt0079700,1101186,0,1101186,The Passage
tt0079714,11988469,0,11988469,Phantasm
tt0079723,4896094,0,4896094,Players
tt0079753,7650600,0,7650600,The Prisoner of Zenda
tt0079756,11606005,0,11606005,The Promise
tt0079758,18389402,0,18389402,Prophecy
tt0079781,364642,0,364642,Real Life
tt0079806,1856122,0,1856122,Rich Kids
tt0079817,85182160,0,85182160,Rocky II
tt0079820,27513,0,27513,The King and the Mockingbird
tt0079822,13253715,0,13253715,Roller Boogie
tt0079826,29174648,0,29174648,The Rose
tt0079832,6012556,0,6012556,Running
tt0079833,142425,9377,151802,Lupin the 3rd: Castle of Cagliostro
tt0079854,47262,0,47262,Every Man for Himself
tt0079871,6461,0,6461,Scum
tt0079875,19595168,0,19595168,The Seduction of Joe Tynan
tt0079886,7640,0,7640,Legend of the Mountain
tt0079944,269881,0,269881,Stalker
tt0079945,82604699,0,82604699,Star Trek: The Motion Picture
tt0079948,35649012,0,35649012,Starting Over
tt0079966,2410776,0,2410776,Sunburn
tt0080009,20093330,0,20093330,Tess
tt0080103,2631244,0,2631244,Voices
tt0080114,1675040,0,1675040,Walk Proud
tt0080116,2411145,0,2411145,Wanda Nevada
tt0080117,14492,0,14492,The Wanderers
tt0080120,22490039,0,22490039,The Warriors
tt0080130,21411158,0,21411158,When a Stranger Calls
tt0080139,1083799,0,1083799,Winter Kills
tt0080157,3931010,0,3931010,Yanks
tt0080319,103290500,0,103290500,9 to 5
tt0080339,83453539,0,83453539,Airplane!
tt0080360,19853892,0,19853892,Altered States
tt0080365,22743674,0,22743674,American Gigolo
tt0080377,70687344,0,70687344,Any Which Way You Can
tt0080388,12729675,0,12729675,Atlantic City
tt0080402,8415112,0,8415112,The Awakening
tt0080436,8527743,0,8527743,Battle Creek Brawl
tt0080437,7206220,0,7206220,The Big Red One
tt0080442,2500000,0,2500000,The Black Marble
tt0080453,58853106,0,58853106,The Blue Lagoon
tt0080455,57229890,58000000,115229890,The Blues Brothers
tt0080461,2013193,0,2013193,"Bon Voyage, Charlie Brown"
tt0080469,2471,0,2471,Breaking Glass
tt0080472,24265659,0,24265659,Bronco Billy
tt0080474,37121708,0,37121708,Brubaker
tt0080487,39846344,0,39846344,Caddyshack
tt0080489,6950125,0,6950125,La Cage aux Folles II
tt0080500,1817720,0,1817720,Carny
tt0080520,41675194,0,41675194,Cheech and Chong's Next Movie
tt0080539,12516,0,12516,City of Women
tt0080549,67182787,0,67182787,Coal Miner's Daughter
tt0080550,4495445,0,4495445,Coast to Coast
tt0080556,14287755,0,14287755,The Competition
tt0080569,19798718,0,19798718,Cruising
tt0080610,3007436,0,3007436,The Last Metro
tt0080634,5318098,0,5318098,Divine Madness
tt0080641,5484132,0,5484132,The Dogs of War
tt0080661,31899000,0,31899000,Dressed to Kill
tt0080678,26010864,0,26010864,The Elephant Man
tt0080684,292753960,248513382,541267342,Star Wars: Episode V - The Empire Strikes Back
tt0080716,21202829,0,21202829,Fame
tt0080724,7653061,0,7653061,Fatso
tt0080731,10697276,0,10697276,The Fiendish Plot of Dr. Fu Manchu
tt0080736,16647800,0,16647800,The Final Countdown
tt0080739,15198912,0,15198912,First Family
tt0080745,27107960,0,27107960,Flash Gordon
tt0080749,21448782,0,21448782,The Fog
tt0080754,8894289,0,8894289,The Formula
tt0080756,7470348,0,7470348,Foxes
tt0080761,39754601,0,39754601,Friday the 13th
tt0080762,1205934,0,1205934,From Mao to Mozart: Isaac Stern in China
tt0080790,2261507,0,2261507,Gilda Live
tt0080798,4059673,0,4059673,Gloria
tt0080801,30031783,0,30031783,The Gods Must Be Crazy
tt0080808,6621520,0,6621520,The Gong Show Movie
tt0080833,3798102,0,3798102,Guyana: Cult of the Damned
tt0080850,4875436,0,4875436,He Knows You're Alone
tt0080854,954046,0,954046,Heart Beat
tt0080855,3484331,0,3484331,Heaven's Gate
tt0080861,18000000,0,18000000,Herbie Goes Bananas
tt0080863,15934737,0,15934737,Hero at Large
tt0080868,3806930,0,3806930,Hide in Plain Sight
tt0080881,10000000,0,10000000,The Hollywood Knights
tt0080888,17815212,0,17815212,Honeysuckle Rose
tt0080895,7500000,0,7500000,How to Beat the High Cost of Living
tt0080903,376050,0,376050,The Human Factor
tt0080907,16274150,0,16274150,The Hunter
tt0080913,2625716,0,2625716,The Idolmaker
tt0080917,5215015,0,5215015,In God We Trust
tt0080934,15716828,0,15716828,The Island
tt0080948,27118000,0,27118000,The Jazz Singer
tt0080975,2086905,0,2086905,Just Tell Me What You Want
tt0080979,4000000,0,4000000,Kagemusha
tt0081031,11000000,0,11000000,The Last Flight of Noah's Ark
tt0081032,12835544,0,12835544,The Last Married Couple in America
tt0081044,517988,0,517988,Leo and Loree
tt0081060,34326249,0,34326249,Little Darlings
tt0081063,6321392,0,6321392,Little Miss Marker
tt0081071,15795189,0,15795189,The Long Riders
tt0081080,2806659,0,2806659,Loving Couples
tt0081150,4309490,0,4309490,Melvin and Howard
tt0081159,2900000,0,2900000,Midnight Madness
tt0081163,11000000,0,11000000,The Mirror Crack'd
tt0081184,6342668,0,6342668,Motel Hell
tt0081207,22482952,0,22482952,My Bodyguard
tt0081235,1047454,0,1047454,Nijinsky
tt0081249,14662035,0,14662035,The Nude Bomb
tt0081259,18971000,0,18971000,The Octagon
tt0081268,14504277,0,14504277,"Oh, God! Book II"
tt0081269,6216067,0,6216067,Oh Heavenly Dog
tt0081280,843215,0,843215,One-Trick Pony
tt0081283,54766923,0,54766923,Ordinary People
tt0081334,59167,0,59167,Phobia
tt0081353,49823037,0,49823037,Popeye
tt0081366,929162,0,929162,The Power
tt0081375,69847348,0,69847348,Private Benjamin
tt0081383,14796236,0,14796236,Prom Night
tt0081398,23383987,0,23383987,Raging Bull
tt0081414,3910019,0,3910019,Resurrection
tt0081433,4226370,0,4226370,Roadie
tt0081439,16656125,0,16656125,Rough Cut
tt0081455,14225876,0,14225876,Scanners
tt0081470,220181,0,220181,The Sea Wolves
tt0081480,43995918,0,43995918,Seems Like Old Times
tt0081485,9870727,0,9870727,Serial
tt0081505,44360123,389455,44749578,The Shining
tt0081528,766760,0,766760,A Small Circle of Friends
tt0081529,66132626,0,66132626,Smokey and the Bandit II
tt0081534,9709597,0,9709597,Somewhere in Time
tt0081554,10389003,0,10389003,Stardust Memories
tt0081562,101300000,0,101300000,Stir Crazy
tt0081568,7063886,0,7063886,The Stunt Man
tt0081573,108185706,0,108185706,Superman II
tt0081591,621931,0,621931,Sunday Lovers
tt0081625,804713,0,804713,"Those Lips, Those Eyes"
tt0081633,42365581,0,42365581,Time Bandits
tt0081656,9000000,0,9000000,Tribute
tt0081696,46918287,0,46918287,Urban Cowboy
tt0081698,11715321,0,11715321,Used Cars
tt0081738,5000000,0,5000000,The Watcher in the Woods
tt0081747,3763988,0,3763988,When Time Ran Out...
tt0081748,6659377,0,6659377,Where the Buffalo Roam
tt0081751,14155617,0,14155617,Wholly Moses!
tt0081753,1175855,0,1175855,Why Would I Lie?
tt0081758,4400000,0,4400000,Willie & Phil
tt0081759,2128395,0,2128395,Windows
tt0081777,22762571,0,22762571,Xanadu
tt0081809,2993772,0,2993772,ffolkes
tt0081964,6468195,0,6468195,...All the Marbles
tt0081974,40716963,0,40716963,Absence of Malice
tt0082001,4454295,0,4454295,All Night Long
tt0082005,6892098,0,6892098,The Amateur
tt0082010,30565292,0,30565292,An American Werewolf in London
tt0082031,95461682,0,95461682,Arthur
tt0082042,11809387,0,11809387,Back Roads
tt0082070,547525,0,547525,Beyond the Reef
tt0082085,12000000,0,12000000,Blow Out
tt0082089,24058838,0,24058838,Body Heat
tt0082095,1718,0,1718,Das Boot ist voll
tt0082096,11487676,0,11487676,Das Boot
tt0082111,7258543,0,7258543,Buddy Buddy
tt0082121,31261269,0,31261269,Bustin' Loose
tt0082136,72179579,0,72179579,The Cannonball Run
tt0082138,9566593,0,9566593,Carbon Copy
tt0082145,534816,0,534816,Cattle Annie and Little Britches
tt0082146,15965924,0,15965924,Caveman
tt0082158,58972904,0,58972904,Chariots of Fire
tt0082186,41092328,0,41092328,Clash of the Titans
tt0082193,12000000,0,12000000,Comin' at Ya!
tt0082198,39565475,29286000,68851475,Conan the Barbarian
tt0082200,15578237,0,15578237,Continental Divide
tt0082220,1729274,0,1729274,Cutter's Way
tt0082222,492035,0,492035,Man of Iron
tt0082245,8279042,0,8279042,Deadly Blessing
tt0082250,16100000,0,16100000,Death Wish II
tt0082263,16000000,0,16000000,The Devil and Max Devlin
tt0082269,110014,0,110014,Diva
tt0082288,14110013,0,14110013,Dragonslayer
tt0082307,123843,0,123843,The Beyond
tt0082329,31184024,1308650,32492674,Endless Love
tt0082334,13277558,0,13277558,The Entity
tt0082338,1414828,0,1414828,Turkey Shoot
tt0082340,25244626,0,25244626,Escape from New York
tt0082348,34967437,0,34967437,Excalibur
tt0082351,17583634,0,17583634,Eye of the Needle
tt0082352,1118634,0,1118634,Eyes of a Stranger
tt0082353,6400000,0,6400000,Eyewitness
tt0082362,3082096,0,3082096,The Fan
tt0082377,20471382,0,20471382,The Final Conflict
tt0082382,12480249,0,12480249,First Monday in October
tt0082398,54812802,0,54812802,For Your Eyes Only
tt0082402,29200000,0,29200000,Fort Apache the Bronx
tt0082405,50427646,0,50427646,The Four Seasons
tt0082406,63456988,0,63456988,The Fox and the Hound
tt0082416,26890068,0,26890068,The French Lieutenant's Woman
tt0082418,21722776,0,21722776,Friday the 13th: Part 2
tt0082427,7886857,0,7886857,The Funhouse
tt0082432,5732587,0,5732587,Gallipoli
tt0082440,2869425,0,2869425,Gas
tt0082449,23371905,0,23371905,Ghost Story
tt0082457,5504218,0,5504218,Going Ape!
tt0082474,31206251,0,31206251,The Great Muppet Caper
tt0082484,20959585,0,20959585,Quest for Fire
tt0082495,25533818,0,25533818,Halloween II
tt0082497,2447576,0,2447576,The Hand
tt0082499,534653,0,534653,Hard Country
tt0082507,2154696,0,2154696,Heartbeeps
tt0082509,546545,0,546545,Heavy Metal
tt0082517,31672907,0,31672907,History of the World: Part I
tt0082525,2004742,0,2004742,Honky Tonk Freeway
tt0082533,17985893,0,17985893,The Howling
tt0082558,20259961,0,20259961,The Incredible Shrinking Woman
tt0082606,469777,0,469777,Kelly
tt0082619,1791147,0,1791147,King of the Mountain
tt0082639,25728,0,25728,"Ladies and Gentlemen, the Fabulous Stains"
tt0082648,12617845,0,12617845,The Legend of the Lone Ranger
tt0082694,23667907,0,23667907,The Road Warrior
tt0082731,39001,0,39001,The Girl with the Red Hair
tt0082748,2032311,0,2032311,Pieces
tt0082763,26154211,0,26154211,Modern Problems
tt0082764,2863642,0,2863642,Modern Romance
tt0082766,19032261,0,19032261,Mommie Dearest
tt0082782,5672031,0,5672031,My Bloody Valentine
tt0082783,5073,0,5073,My Dinner with Andre
tt0082799,63405,0,63405,Movie Madness
tt0082801,29916207,0,29916207,Neighbors
tt0082810,8000000,0,8000000,Night Crossing
tt0082812,1169875,0,1169875,Night School
tt0082816,14923752,0,14923752,The Night the Lights Went Out in Georgia
tt0082817,14905359,5000000,19905359,Nighthawks
tt0082846,119285432,0,119285432,On Golden Pond
tt0082853,25524778,0,25524778,Only When I Laugh
tt0082869,17374595,0,17374595,Outland
tt0082886,18838812,0,18838812,Paternity
tt0082894,9171289,0,9171289,Pennies from Heaven
tt0082927,17110,0,17110,Le Pont du Nord
tt0082933,1113538,0,1113538,Possession
tt0082934,12376625,0,12376625,The Postman Always Rings Twice
tt0082945,8124257,0,8124257,Prince of the City
tt0082948,26279000,0,26279000,Private Lessons
tt0082956,237000,0,237000,Puberty Blues
tt0082958,3702028,0,3702028,The Pursuit of D.B. Cooper
tt0082964,12042,0,12042,Quartet
tt0082969,1976198,0,1976198,Raggedy Man
tt0082970,14920781,0,14920781,Ragtime
tt0082971,248159971,141973241,390133212,Raiders of the Lost Ark
tt0082979,40382659,0,40382659,Reds
tt0082992,14492125,0,14492125,Rich and Famous
tt0083001,110048,0,110048,Roar
tt0083006,10851261,0,10851261,Rollover
tt0083015,14867086,0,14867086,S.O.B.
tt0083041,19450,0,19450,Second-Hand Hearts
tt0083064,35610100,0,35610100,Sharky's Machine
tt0083079,1622898,0,1622898,Silence of the North
tt0083107,23671186,0,23671186,Some Kind of Hero
tt0083113,2022771,0,2022771,Sphinx
tt0083131,85297000,0,85297000,Stripes
tt0083133,5165432,0,5165432,Student Bodies
tt0083163,17569027,0,17569027,Take This Job and Shove It
tt0083169,35856053,0,35856053,Taps
tt0083170,36565280,0,36565280,Tarzan the Ape Man
tt0083190,11492915,0,11492915,Thief
tt0083193,2028612,0,2028612,This Is Elvis
tt0083232,12850276,0,12850276,True Confessions
tt0083254,18826490,0,18826490,Under the Rainbow
tt0083284,10853418,0,10853418,Victory
tt0083296,13258670,0,13258670,Visiting Hours
tt0083326,8206145,0,8206145,Whose Life Is It Anyway?
tt0083336,10626725,0,10626725,Wolfen
tt0083365,3256082,0,3256082,Zoot Suit
tt0083449,7241180,0,7241180,The Missionary
tt0083511,78868508,0,78868508,48 Hrs.
tt0083530,27150534,0,27150534,Airplane II: The Sequel
tt0083550,12534817,0,12534817,Amityville II: The Possession
tt0083564,57059003,0,57059003,Annie
tt0083590,22293,0,22293,The Atomic Cafe
tt0083598,13111101,0,13111101,Author! Author!
tt0083613,804963,0,804963,American Playhouse: The Ballad of Gregorio Cortez
tt0083619,1736123,0,1736123,Barbarosa
tt0083629,7742572,0,7742572,The Beast Within
tt0083630,14056528,0,14056528,The Beastmaster
tt0083641,36821203,0,36821203,Best Friends
tt0083642,69701637,0,69701637,The Best Little Whorehouse in Texas
tt0083658,32868943,1839532,34708475,Blade Runner
tt0083678,6118683,0,6118683,The Border
tt0083694,375713,0,375713,Britannia Hospital
tt0083701,78350,0,78350,Bugs Bunny's 3rd Movie: 1001 Rabbit Tales
tt0083717,5301539,0,5301539,Cannery Row
tt0083722,7000000,0,7000000,Cat People
tt0083726,2977706,0,2977706,The Challenge
tt0083745,840958,0,840958,"Come Back to the 5 & Dime Jimmy Dean, Jimmy Dean"
tt0083767,21028755,0,21028755,Creepshow
tt0083791,41613957,0,41613957,The Dark Crystal
tt0083798,18196170,0,18196170,Dead Men Don't Wear Plaid
tt0083806,19282134,0,19282134,Deathtrap
tt0083833,14099953,0,14099953,Diner
tt0083851,2256246,0,2256246,The Draughtsman's Contract
tt0083866,435110554,357800000,792910554,E.T. the Extra-Terrestrial
tt0083885,1474249,0,1474249,Endangered Species
tt0083891,893967,0,893967,Enigma
tt0083900,143369,0,143369,The Escape Artist
tt0083906,123572,0,123572,Eureka
tt0083907,2400000,261944,2661944,The Evil Dead
tt0083908,6110000,0,6110000,Evil Under the Sun
tt0083922,6783304,0,6783304,Fanny and Alexander
tt0083929,27092880,0,27092880,Fast Times at Ridgemont High
tt0083936,3355948,0,3355948,Fighting Back
tt0083941,2666873,0,2666873,The Final Option
tt0083943,46708276,0,46708276,Firefox
tt0083944,47212904,78000000,125212904,First Blood
tt0083947,199078,0,199078,Five Days One Summer
tt0083960,6660333,0,6660333,Forced Vengeance
tt0083972,36690067,0,36690067,Friday the 13th: Part III
tt0083987,52767889,0,52767889,Gandhi
tt0084021,15171476,0,15171476,Grease 2
tt0084049,9823934,0,9823934,Hanky Panky
tt0084058,1761291,0,1761291,Heat and Dust
tt0084060,5124391,0,5124391,Heidi's Song
tt0084084,2914328,0,2914328,Homework
tt0084088,4484991,0,4484991,Honkytonk Man
tt0084096,667863,0,667863,The House Where Evil Dwells
tt0084109,6968359,0,6968359,I Ought to Be in Pictures
tt0084111,291390,0,291390,I'm Dancing as Fast as I Can
tt0084112,1515578,0,1515578,"I, the Jury"
tt0084117,8693512,0,8693512,If You Could See What I Hear
tt0084132,5200986,0,5200986,Inchon
tt0084156,2573342,0,2573342,It Came from Hollywood
tt0084171,3792188,0,3792188,Jekyll and Hyde... Together Again
tt0084173,2869638,0,2869638,Jinxed!
tt0084191,22440,0,22440,Kamikaze 89
tt0084210,15782759,0,15782759,Kiss Me Goodbye
tt0084234,5829781,0,5829781,The Last American Virgin
tt0084237,6455330,0,6455330,The Last Unicorn
tt0084242,3821199,0,3821199,Let's Spend the Night Together
tt0084259,2370376,0,2370376,A Little Sex
tt0084264,777087,0,777087,Lonely Hearts
tt0084268,946461,0,946461,Lookin' to Get Out
tt0084274,14009,0,14009,Love & Money
tt0084293,11897978,0,11897978,Making Love
tt0084296,20659423,0,20659423,The Man from Snowy River
tt0084316,5675599,0,5675599,Megaforce
tt0084329,9077269,0,9077269,A Midsummer Night's Sex Comedy
tt0084335,14000000,0,14000000,Missing
tt0084351,12408066,0,12408066,Monsignor
tt0084352,327958,0,327958,Monty Python Live at the Hollywood Bowl
tt0084370,20123620,0,20123620,My Favorite Year
tt0084395,10054150,0,10054150,Class Reunion
tt0084412,21095638,0,21095638,Night Shift
tt0084422,2257307,0,2257307,The Night of the Shooting Stars
tt0084434,129795554,0,129795554,An Officer and a Gentleman
tt0084445,636796,0,636796,One from the Heart
tt0084469,5588800,0,5588800,Paradise
tt0084477,6062898,0,6062898,Partners
tt0084485,3178542,0,3178542,Penitentiary II
tt0084489,5672311,0,5672311,Personal Best
tt0084503,22244207,0,22244207,Pink Floyd: The Wall
tt0084504,7983086,0,7983086,The Pirate Movie
tt0084516,77142388,0,77142388,Poltergeist
tt0084522,111289673,0,111289673,Porky's
tt0084589,3704433,0,3704433,The Return of Martin Guerre
tt0084597,36299720,0,36299720,Richard Pryor: Live on the Sunset Strip
tt0084602,125049125,0,125049125,Rocky III
tt0084628,30878,0,30878,Sans Soleil
tt0084633,10413170,0,10413170,Savannah Smiles
tt0084649,14665733,0,14665733,The Secret of NIMH
tt0084652,11378339,0,11378339,The Seduction
tt0084658,1054328,0,1054328,The Sender
tt0084675,9217530,0,9217530,Shoot the Moon
tt0084684,10490791,0,10490791,Silent Rage
tt0084690,20225989,0,20225989,Six Pack
tt0084691,6668025,0,6668025,Six Weeks
tt0084704,6328816,0,6328816,The Soldier
tt0084707,30036000,0,30036000,Sophie's Choice
tt0084714,263635,0,263635,Split Image
tt0084726,78912963,0,78912963,Star Trek II: The Wrath of Khan
tt0084732,5979947,0,5979947,Still of the Night
tt0084735,2519559,0,2519559,A Stranger Is Watching
tt0084737,4968000,0,4968000,Summer Lovers
tt0084749,39103425,0,39103425,The Sword and the Sorcerer
tt0084776,5005245,0,5005245,Tempest
tt0084783,7400000,0,7400000,Tex
tt0084786,16894678,0,16894678,They Call Me Bruce
tt0084787,19629760,0,19629760,The Thing
tt0084788,21134374,0,21134374,Things Are Tough All Over
tt0084805,177200000,0,177200000,Tootsie
tt0084809,47118057,0,47118057,The Toy
tt0084814,9056073,0,9056073,Trail of the Pink Panther
tt0084821,3783329,0,3783329,La traviata
tt0084827,33000000,0,33000000,TRON
tt0084854,5229643,0,5229643,Venom
tt0084855,53977250,0,53977250,The Verdict
tt0084861,13253583,0,13253583,Vice Squad
tt0084865,28215453,0,28215453,Victor Victoria
tt0084867,5091888,0,5091888,Vigilante
tt0084894,524203,0,524203,The Weavers: Wasn't That a Time
tt0084899,46509,0,46509,White Dog
tt0084917,29712172,0,29712172,The World According to Garp
tt0084920,3583513,0,3583513,Wrong Is Right
tt0084931,2279543,0,2279543,"Yes, Giorgio"
tt0084935,2810199,0,2810199,"Yor, the Hunter from the Future"
tt0084938,30688860,0,30688860,Young Doctors in Love
tt0084945,16897768,0,16897768,Zapped!
tt0084962,781151,0,781151,L'ï¿½ï¿½ï¿½ï¿½ï¿½
tt0085121,7175592,0,7175592,10 to Midnight
tt0085154,17233166,0,17233166,All the Right Moves
tt0085159,6333135,0,6333135,Amityville 3-D
tt0085208,1867792,0,1867792,Baby It's You
tt0085210,9190819,0,9190819,Bad Boys
tt0085236,5997566,0,5997566,Beyond the Limit
tt0085244,56399659,0,56399659,The Big Chill
tt0085248,12049108,0,12049108,The Black Stallion Returns
tt0085255,42313354,0,42313354,Blue Thunder
tt0085271,10219460,0,10219460,Brainstorm
tt0085276,19910002,0,19910002,Breathless
tt0085295,2938179,0,2938179,"Careful, He Might Hear You"
tt0085318,6149983,0,6149983,Chained Heat
tt0085320,200498,0,200498,Champions
tt0085333,21017849,0,21017849,Christine
tt0085334,20605209,0,20605209,A Christmas Story
tt0085346,21667789,0,21667789,Class
tt0085370,3974975,0,3974975,Entre Nous
tt0085382,21156152,0,21156152,Cujo
tt0085384,4491986,0,4491986,Curse of the Pink Panther
tt0085387,16134627,0,16134627,D.C. Cab
tt0085398,687475,0,687475,Daniel
tt0085407,20766616,0,20766616,The Dead Zone
tt0085412,10369581,0,10369581,Deal of the Century
tt0085450,10375893,0,10375893,Doctor Detroit
tt0085461,5310748,0,5310748,The Dresser
tt0085470,29309766,0,29309766,Easy Money
tt0085473,1262691,0,1262691,Eddie Macon's Run
tt0085475,4786789,0,4786789,Eddie and the Cruisers
tt0085478,14648076,0,14648076,Educating Rita
tt0085482,27920,0,27920,El Norte
tt0085513,1818910,0,1818910,Exposed
tt0085542,760883,0,760883,Fire and Ice
tt0085549,92921203,0,92921203,Flashdance
tt0085551,1645711,0,1645711,Get Crazy
tt0085575,1318839,0,1318839,Gabriela
tt0085588,975414,0,975414,Getting It On
tt0085608,6666725,0,6666725,The Golden Seal
tt0085615,15856028,0,15856028,Gorky Park
tt0085622,5516140,0,5516140,The Grey Fox
tt0085636,14400000,0,14400000,Halloween III: Season of the Witch
tt0085640,42914,0,42914,Hammett
tt0085656,272278,0,272278,Heart Like a Wheel
tt0085672,10676194,0,10676194,Hercules
tt0085678,28445927,0,28445927,High Road to China
tt0085694,10604986,0,10604986,The House on Sorority Row
tt0085701,5979292,0,5979292,The Hunger
tt0085750,45517055,42470000,87987055,Jaws 3-D
tt0085764,3952448,0,3952448,Joysticks
tt0085780,4218594,0,4218594,The Keep
tt0085794,2536242,0,2536242,The King of Comedy
tt0085809,1723872,0,1723872,Koyaanisqatsi
tt0085811,16519460,0,16519460,Krull
tt0085838,1530839,0,1530839,Lianna
tt0085859,5895761,0,5895761,Local Hero
tt0085862,12232628,0,12232628,Lone Wolf McQuade
tt0085863,1223200,0,1223200,The Lonely Lady
tt0085867,11787127,0,11787127,The Lords of Discipline
tt0085868,1246141,0,1246141,Losin' It
tt0085871,5269990,0,5269990,Love Letters
tt0085873,10171304,0,10171304,Lovesick
tt0085891,10964231,0,10964231,The Man Who Loved Women
tt0085892,2443487,0,2443487,The Man Who Wasn't There
tt0085894,10353438,0,10353438,The Man with Two Brains
tt0085895,2314561,0,2314561,"Man, Woman and Child"
tt0085905,852676,0,852676,Marlene
tt0085919,17613720,0,17613720,Max Dugan Returns
tt0085933,2306560,0,2306560,Merry Christmas Mr. Lawrence
tt0085935,5301085,0,5301085,Metalstorm: The Destruction of Jared-Syn
tt0085959,14929552,0,14929552,The Meaning of Life
tt0085970,64783827,0,64783827,Mr. Mom
tt0085980,22587834,0,22587834,My Tutor
tt0085994,1963756,0,1963756,Savage Islands
tt0085995,61399552,0,61399552,Vacation
tt0086005,29600000,0,29600000,Never Cry Wolf
tt0086006,55432841,0,55432841,Never Say Never Again
tt0086011,5563663,0,5563663,A Night in Heaven
tt0086014,6670680,0,6670680,Nightmares
tt0086022,18846,0,18846,Nostalgia
tt0086034,67893619,0,67893619,Octopussy
tt0086036,1080470,0,1080470,Of Unknown Origin
tt0086058,6486797,0,6486797,The Osterman Weekend
tt0086066,25697647,0,25697647,The Outsiders
tt0086070,127426,0,127426,Petit Con
tt0086102,2878404,0,2878404,Phar Lap
tt0086112,694497,0,694497,The Pirates of Penzance
tt0086113,560,0,560,The Pit
tt0086129,33759266,0,33759266,Porky's II: The Next Day
tt0086143,14049540,0,14049540,Private School
tt0086154,34725000,0,34725000,Psycho II
tt0086190,309306177,165927377,475233554,Star Wars: Episode VI - Return of the Jedi
tt0086192,13168027,0,13168027,Revenge of the Ninja
tt0086194,16156776,0,16156776,Richard Pryor... Here and Now
tt0086197,21192102,0,21192102,The Right Stuff
tt0086200,63541777,0,63541777,Risky Business
tt0086203,30379,0,30379,Rock & Rule
tt0086205,6857733,0,6857733,Romantic Comedy
tt0086216,2494480,0,2494480,Rumble Fish
tt0086220,3000000,0,3000000,Running Brave
tt0086232,1402962,0,1402962,Sahara
tt0086245,1108299,0,1108299,"Say Amen, Somebody"
tt0086250,45408703,20476000,65884703,Scarface
tt0086264,2082215,0,2082215,Screwballs
tt0086312,35615609,0,35615609,Silkwood
tt0086325,5678950,0,5678950,Smokey and the Bandit Part 3
tt0086336,8400000,0,8400000,Something Wicked This Way Comes
tt0086346,16478265,0,16478265,Spacehunter: Adventures in the Forbidden Zone
tt0086352,24071666,0,24071666,Spring Break
tt0086355,6472990,0,6472990,Star 80
tt0086356,5555305,0,5555305,The Star Chamber
tt0086361,64892670,0,64892670,Staying Alive
tt0086366,15543710,0,15543710,Still Smokin
tt0086370,6347072,0,6347072,The Sting II
tt0086373,8571374,0,8571374,Strange Brew
tt0086374,1362303,0,1362303,Strange Invaders
tt0086377,378452,0,378452,Streamers
tt0086379,13000000,0,13000000,Stroker Ace
tt0086381,1723487,0,1723487,Stryker
tt0086383,67642693,0,67642693,Sudden Impact
tt0086387,984,0,984,Summerspell
tt0086393,59950623,0,59950623,Superman III
tt0086397,14000000,0,14000000,The Survivors
tt0086405,2439705,0,2439705,Table for Five
tt0086423,8443124,0,8443124,Tender Mercies
tt0086425,108423489,0,108423489,Terms of Endearment
tt0086429,2044892,0,2044892,Testament
tt0086433,4504,0,4504,Those Glory Glory Days
tt0086450,13030214,0,13030214,To Be or Not to Be
tt0086461,2433722,0,2433722,Tough Enough
tt0086465,90404800,0,90404800,Trading Places
tt0086476,4304286,0,4304286,Trenchcoat
tt0086491,29450919,0,29450919,Twilight Zone: The Movie
tt0086494,23646952,0,23646952,Two of a Kind
tt0086506,18016,0,18016,On Tour with Pina Bausch
tt0086508,30503151,0,30503151,Uncommon Valor
tt0086510,5696391,0,5696391,Under Fire
tt0086525,17343596,0,17343596,Valley Girl
tt0086541,2120439,0,2120439,Videodrome
tt0086567,79567667,0,79567667,WarGames
tt0086582,724912,0,724912,The Wicked Lady
tt0086593,9632062,0,9632062,Without a Trace
tt0086617,10278575,0,10278575,The Year of Living Dangerously
tt0086618,4300000,0,4300000,Yellowbeard
tt0086619,40218899,0,40218899,Yentl
tt0086637,11798616,0,11798616,Zelig
tt0086643,162547,4692,167239,Ziggy Stardust and the Spiders from Mars
tt0086837,40400657,0,40400657,2010
tt0086856,6254148,0,6254148,The Adventures of Buckaroo Banzai Across the 8th Dimension
tt0086859,21689062,0,21689062,Against All Odds
tt0086873,36403064,0,36403064,All of Me
tt0086876,95000,0,95000,Almost You
tt0086877,7035585,0,7035585,Alphabet City
tt0086879,51973029,93762,52066791,Amadeus
tt0086886,5021751,0,5021751,American Dreamer
tt0086896,17488564,0,17488564,Angel
tt0086927,38435947,0,38435947,Bachelor Party
tt0086928,18236,0,18236,Tosca's Kiss
tt0086942,162364,0,162364,The Bay Boy
tt0086945,2687148,0,2687148,The Bear
tt0086946,16595791,0,16595791,Beat Street
tt0086955,19265302,0,19265302,Best Defense
tt0086960,234760478,81600000,316360478,Beverly Hills Cop
tt0086969,1455045,0,1455045,Birdy
tt0086973,18644570,0,18644570,Blame It on Rio
tt0086979,3851855,366846,4218701,Blood Simple
tt0086984,8801940,0,8801940,Body Double
tt0086985,1689501,0,1689501,Body Rock
tt0086987,8914881,0,8914881,Bolero
tt0086992,1009700,0,1009700,The Bostonians
tt0086993,8613462,0,8613462,The Bounty
tt0086994,12589,0,12589,Boy Meets Girl
tt0086998,38682707,0,38682707,Breakin'
tt0086999,15101131,0,15101131,Breakin' 2: Electric Boogaloo
tt0087003,10600497,0,10600497,Broadway Danny Rose
tt0087004,3677209,0,3677209,The Brother from Another Planet
tt0087006,1820049,0,1820049,The Buddy System
tt0087015,4654423,0,4654423,C.H.U.D.
tt0087032,28078073,0,28078073,Cannonball Run II
tt0087042,3772785,0,3772785,Cheech & Chong's the Corsican Brothers
tt0087050,14568989,0,14568989,Children of the Corn
tt0087054,2490233,0,2490233,Choose Me
tt0087062,38348988,0,38348988,City Heat
tt0087068,600000,0,600000,Code Name: Wild Geese
tt0087072,1057368,0,1057368,Comfort and Joy
tt0087075,4389334,0,4389334,The Company of Wolves
tt0087078,31042035,0,31042035,Conan the Destroyer
tt0087089,25928721,0,25928721,The Cotton Club
tt0087091,9640000,0,9640000,Country
tt0087096,129268,0,129268,Crackers
tt0087100,2912945,0,2912945,Crimes of Passion
tt0087127,11919250,0,11919250,Deathstalker
tt0087130,1057064,0,1057064,DEFCON-4
tt0087175,12145169,0,12145169,Dreamscape
tt0087182,30925690,0,30925690,Dune
tt0087197,2193612,0,2193612,Electric Dreams
tt0087222,13102025,0,13102025,The Evil That Men Do
tt0087229,3739406,0,3739406,Exterminator 2
tt0087231,17130087,0,17130087,The Falcon and the Snowman
tt0087233,11129057,0,11129057,Falling in Love
tt0087260,1467396,0,1467396,Finders Keepers
tt0087262,17080167,0,17080167,Firestarter
tt0087263,6250994,0,6250994,Firstborn
tt0087265,23859382,0,23859382,The Flamingo Kid
tt0087268,3854833,0,3854833,Flashpoint
tt0087277,80035402,0,80035402,Footloose
tt0087298,32980880,0,32980880,Friday the 13th: The Final Chapter
tt0087313,1493782,0,1493782,Garbo Talks
tt0087332,242212467,53000000,295212467,Ghostbusters
tt0087337,1393501,0,1393501,Give My Regards to Broad Street
tt0087344,4116395,0,4116395,Godzilla 1985
tt0087359,4743119,0,4743119,"Grandview, U.S.A."
tt0087363,153083102,0,153083102,Gremlins
tt0087365,45858563,0,45858563,"Greystoke: The Legend of Tarzan, Lord of the Apes"
tt0087384,11113806,0,11113806,Hard to Hold
tt0087385,7121719,0,7121719,Hardbodies
tt0087386,4864980,0,4864980,Harry & Son
tt0087397,148750,0,148750,Heartbreakers
tt0087399,1839623,0,1839623,Heavenly Bodies
tt0087414,876775,0,876775,The Hit
tt0087425,20307325,0,20307325,Hot Dog... The Movie
tt0087428,5142858,0,5142858,The Hotel New Hampshire
tt0087451,14255801,0,14255801,The Ice Pirates
tt0087452,7343032,0,7343032,Iceman
tt0087464,2773433,0,2773433,Impulse
tt0087469,179870271,153237000,333107271,Indiana Jones and the Temple of Doom
tt0087482,12414210,0,12414210,Irreconcilable Differences
tt0087507,17124395,0,17124395,Johnny Dangerously
tt0087513,4463841,0,4463841,Joy of Sex
tt0087525,7889694,0,7889694,Just the Way You Are
tt0087538,91031005,0,91031005,The Karate Kid
tt0087544,495770,0,495770,Nausicaï¿½ï¿½ï¿½ï¿½ï¿½ï¿½ï¿½ï¿½ï¿½ï
tt0087553,34700291,0,34700291,The Killing Fields
tt0087589,17513452,0,17513452,Lassiter
tt0087597,28733290,0,28733290,The Last Starfighter
tt0087629,7828841,0,7828841,The Little Drummer Girl
tt0087635,5718573,0,5718573,The Lonely Guy
tt0087666,4561346,0,4561346,Making the Grade
tt0087688,1945658,0,1945658,Mass Appeal
tt0087700,5410972,0,5410972,Meatballs Part II
tt0087718,26080861,0,26080861,Micki + Maude
tt0087722,1059966,0,1059966,Mike's Murder
tt0087727,22812411,0,22812411,Missing in Action
tt0087730,1525532,0,1525532,Misunderstood
tt0087746,4319001,0,4319001,Mortuary
tt0087747,25068724,0,25068724,Moscow on the Hudson
tt0087751,4385312,0,4385312,Mrs. Soffel
tt0087755,25534703,0,25534703,The Muppets Take Manhattan
tt0087763,8217,8980,17197,My Brother's Wedding
tt0087781,47951979,0,47951979,The Natural
tt0087799,14418922,0,14418922,Night of the Comet
tt0087800,25504513,0,25504513,A Nightmare on Elm Street
tt0087803,8430492,0,8430492,1984
tt0087805,7610785,0,7610785,Ninja III: The Domination
tt0087810,4994094,0,4994094,No Small Affair
tt0087821,15726,0,15726,Full Moon in Paris
tt0087835,21538850,0,21538850,"Oh, God! You Devil"
tt0087843,5321508,0,5321508,Once Upon a Time in America
tt0087864,837914,0,837914,Over the Brooklyn Bridge
tt0087866,8793152,0,8793152,Oxford Blues
tt0087884,2181987,0,2181987,"Paris, Texas"
tt0087892,27187653,0,27187653,A Passage to India
tt0087903,1337274,0,1337274,Gwendoline
tt0087910,8103330,0,8103330,The Philadelphia Experiment
tt0087921,34901614,0,34901614,Places in the Heart
tt0087928,81198894,0,81198894,Police Academy
tt0087932,6836201,0,6836201,The Pope of Greenwich Village
tt0087951,26186631,0,26186631,Protocol
tt0087956,2075282,0,2075282,Purple Hearts
tt0087957,70261052,854,70261906,Purple Rain
tt0087968,6045647,0,6045647,Racing with the Moon
tt0087980,6551987,0,6551987,The Razor's Edge
tt0087981,150140,0,150140,Razorback
tt0087983,8289916,0,8289916,Reckless
tt0087985,38376497,0,38376497,Red Dawn
tt0087995,129000,0,129000,Repo Man
tt0088000,40874452,0,40874452,Revenge of the Nerds
tt0088001,21435321,0,21435321,Rhinestone
tt0088006,1142944,0,1142944,The River Rat
tt0088007,11489982,0,11489982,The River
tt0088011,76572238,10000000,86572238,Romancing the Stone
tt0088024,6770587,0,6770587,Runaway
tt0088046,526805,0,526805,Scandalous
tt0088103,5778353,0,5778353,Sheena
tt0088117,2491460,0,2491460,"Silent Night, Deadly Night"
tt0088128,23686027,0,23686027,Sixteen Candles
tt0088135,108128,0,108128,Slayground
tt0088146,21821347,0,21821347,A Soldier's Story
tt0088153,865915,0,865915,Songwriter
tt0088161,69821334,0,69821334,Splash
tt0088170,76471046,0,76471046,Star Trek III: The Search for Spock
tt0088172,28744356,0,28744356,Starman
tt0088176,261033,0,261033,The Stone Boy
tt0088178,5095592,0,5095592,Stop Making Sense
tt0088184,2436000,0,2436000,Stranger Than Paradise
tt0088194,8089290,0,8089290,Streets of Fire
tt0088206,14296438,0,14296438,Supergirl
tt0088213,6650206,0,6650206,Swing Shift
tt0088224,11302884,0,11302884,Tank
tt0088242,27774237,0,27774237,Teachers
tt0088247,38371200,40000000,78371200,The Terminator
tt0088249,10004817,0,10004817,Terror in the Aisles
tt0088256,10435015,0,10435015,Thief of Hearts
tt0088258,4736202,0,4736202,This Is Spinal Tap
tt0088272,48143579,0,48143579,Tightrope
tt0088275,13801,16386,30187,The Times of Harvey Milk
tt0088286,20458340,0,20458340,Top Secret!
tt0088318,2411143,0,2411143,A Sunday in the Country
tt0088322,2556800,0,2556800,Under the Volcano
tt0088323,20158808,0,20158808,The NeverEnding Story
tt0088326,19928200,0,19928200,Unfaithfully Yours
tt0088330,4239154,0,4239154,Until September
tt0088333,11708269,0,11708269,Up the Creek
tt0088379,2886225,0,2886225,The Warrior and the Sorceress
tt0088385,21058033,0,21058033,Weekend Pass
tt0088395,10530000,0,10530000,Where the Boys Are
tt0088402,11020375,0,11020375,The Wild Life
tt0088405,343890,0,343890,Windy City
tt0088407,2729,0,2729,Winter Flight
tt0088414,25308147,0,25308147,The Woman in Red
tt0088678,849915,0,849915,The Adventures of Mark Twain
tt0088680,10609321,0,10609321,After Hours
tt0088683,25627836,0,25627836,Agnes of God
tt0088707,1420355,0,1420355,American Flyers
tt0088708,10499694,0,10499694,American Ninja
tt0088757,5622787,0,5622787,Avenging Angel
tt0088758,1304192,0,1304192,The Aviator
tt0088760,14972297,0,14972297,Baby: Secret of the Lost Legend
tt0088763,210609762,170500000,381109762,Back to the Future
tt0088765,2685453,0,2685453,Bad Medicine
tt0088794,10297601,0,10297601,Better Off Dead...
tt0088814,21288692,0,21288692,The Black Cauldron
tt0088846,9929135,0,9929135,Brazil
tt0088847,45875171,5650000,51525171,The Breakfast Club
tt0088850,40833132,5000000,45833132,Brewster's Millions
tt0088851,3558669,0,3558669,The Bride
tt0088855,1890571,0,1890571,Bring on the Night
tt0088873,345280,0,345280,La Cage aux Folles 3: The Wedding
tt0088885,22934622,0,22934622,The Care Bears Movie
tt0088889,13086298,0,13086298,Cat's Eye
tt0088895,1381091,0,1381091,Certain Fury
tt0088915,14202899,0,14202899,A Chorus Line
tt0088930,14643997,0,14643997,Clue
tt0088933,76113124,9200000,85313124,Cocoon
tt0088934,561548,0,561548,Code Name: Emerald
tt0088936,20345361,0,20345361,Code of Silence
tt0088939,98467863,0,98467863,The Color Purple
tt0088944,35100000,22391000,57491000,Commando
tt0088947,12531831,0,12531831,Compromising Positions
tt0088960,5349607,0,5349607,Creator
tt0088967,5101,0,5101,Crimewave
tt0088979,7840873,0,7840873,D.A.R.Y.L.
tt0088987,2174622,0,2174622,Dance with a Stranger
tt0088993,5000000,0,5000000,Day of the Dead
tt0089003,16116878,0,16116878,Death Wish 3
tt0089009,750000,0,750000,Defense of the Realm
tt0089015,2492088,0,2492088,Desert Hearts
tt0089017,27398584,0,27398584,Desperately Seeking Susan
tt0089034,147070,0,147070,The Doctor and the Devils
tt0089052,1215923,0,1215923,Dreamchild
tt0089079,305102,0,305102,Eleni
tt0089087,24468550,0,24468550,The Emerald Forest
tt0089092,12303411,0,12303411,Enemy Mine
tt0089114,9873044,0,9873044,Explorers
tt0089118,20603715,0,20603715,F/X
tt0089126,91666,0,91666,Fandango
tt0089129,2791350,0,2791350,Fast Forward
tt0089139,618847,0,618847,Fever Pitch
tt0089155,50612888,9000000,59612888,Fletch
tt0089160,836156,0,836156,Fool for Love
tt0089167,3333306,0,3333306,Fraternity Vacation
tt0089173,21930418,0,21930418,Friday the 13th: A New Beginning
tt0089175,24922237,0,24922237,Fright Night
tt0089208,6326051,0,6326051,Girls Just Want to Have Fun
tt0089218,61503218,0,61503218,The Goonies
tt0089221,267249,0,267249,The Gospel According to Vic
tt0089222,10806919,0,10806919,Gotcha!
tt0089243,5730596,0,5730596,Gymkata
tt0089264,6070794,0,6070794,Heaven Help Us
tt0089265,3852271,0,3852271,The Heavenly Kid
tt0089272,6565359,0,6565359,Here Come the Littles
tt0089276,29426,0,29426,The Official Story
tt0089283,393825,0,393825,The Holcroft Covenant
tt0089304,2732684,0,2732684,Hot Moves
tt0089346,7562164,0,7562164,Into the Night
tt0089348,17536256,0,17536256,Invasion U.S.A.
tt0089360,40491165,0,40491165,Jagged Edge
tt0089370,75973200,20800000,96773200,The Jewel of the Nile
tt0089383,542420,0,542420,Joshua Then and Now
tt0089385,9708373,0,9708373,The Journey of Natty Gann
tt0089393,11528900,0,11528900,Just One of the Guys
tt0089420,5111099,0,5111099,King David
tt0089421,15057465,0,15057465,King Solomon's Mines
tt0089424,17005229,0,17005229,Kiss of the Spider Woman
tt0089444,11052713,0,11052713,Krush Groove
tt0089457,18432000,0,18432000,Ladyhawke
tt0089461,25754284,0,25754284,The Last Dragon
tt0089469,15502112,0,15502112,Legend
tt0089470,3099497,0,3099497,The Legend of Billie Jean
tt0089489,11603545,0,11603545,Lifeforce
tt0089504,10179000,0,10179000,Lost in America
tt0089523,727639,0,727639,Lust in the Dust
tt0089530,36230219,0,36230219,Mad Max Beyond Thunderdome
tt0089537,25386,37357,62743,Mala Noche
tt0089543,8645411,0,8645411,The Man with One Red Shoe
tt0089555,2507995,0,2507995,Marie
tt0089560,48230162,0,48230162,Mask
tt0089569,2564278,0,2564278,Maxie
tt0089572,4349446,0,4349446,The Mean Season
tt0089601,8692426,0,8692426,Mischief
tt0089603,437547,65211,502758,Mishima: A Life in Four Chapters
tt0089604,10755447,0,10755447,Missing in Action 2: The Beginning
tt0089606,8345266,0,8345266,My Life as a Dog
tt0089622,441137,0,441137,Morons from Outer Space
tt0089628,372438,0,372438,Movers & Shakers
tt0089629,10627754,0,10627754,Moving Violations
tt0089643,30867525,0,30867525,Murphy's Romance
tt0089652,4122748,0,4122748,My Science Project
tt0089670,49364621,0,49364621,National Lampoon's European Vacation
tt0089679,199108,0,199108,The New Kids
tt0089686,29999213,0,29999213,A Nightmare on Elm Street 2: Freddy's Revenge
tt0089695,4662137,0,4662137,"No Retreat, No Surrender"
tt0089715,29815,0,29815,O.C. and Stiggs
tt0089716,2357,0,2357,Colonel Redl
tt0089730,10000000,0,10000000,Once Bitten
tt0089731,13677222,0,13677222,One Magic Christmas
tt0089748,16131,0,16131,When Father Was Away on Business
tt0089755,87071205,140443000,227514205,Out of Africa
tt0089767,41410568,0,41410568,Pale Rider
tt0089791,40940662,0,40940662,Pee-wee's Big Adventure
tt0089798,12918858,0,12918858,Perfect
tt0089816,6148000,0,6148000,Plenty
tt0089822,55600000,0,55600000,Police Academy 2: Their First Assignment
tt0089826,20518905,0,20518905,Porky's Revenge
tt0089838,2527088,0,2527088,A Private Function
tt0089839,331816,0,331816,Private Resort
tt0089841,26657534,0,26657534,Prizzi's Honor
tt0089847,981817,0,981817,The Protector
tt0089852,628050,0,628050,Pumping Iron II: The Women
tt0089853,10631333,0,10631333,The Purple Rose of Cairo
tt0089866,12897,0,12897,Taipei Story
tt0089869,2123135,0,2123135,The Quiet Earth
tt0089877,4889971,0,4889971,Rainbow Brite and the Star Stealer
tt0089880,150415432,149985000,300400432,Rambo: First Blood Part II
tt0089881,4135750,18692,4154442,Ran
tt0089883,2864844,0,2864844,Rappin'
tt0089885,2023414,0,2023414,Re-Animator
tt0089886,12952019,0,12952019,Real Genius
tt0089893,6948633,0,6948633,Red Sonja
tt0089901,14393902,0,14393902,Remo Williams: The Adventure Begins
tt0089907,14237880,0,14237880,The Return of the Living Dead
tt0089908,11137801,0,11137801,Return to Oz
tt0089913,358574,0,358574,Revolution
tt0089927,127873716,172600000,300473716,Rocky IV
tt0089941,7683620,0,7683620,Runaway Train
tt0089945,6090497,0,6090497,Rustlers' Rhapsody
tt0089961,23717291,0,23717291,Santa Claus: The Movie
tt0089981,8622757,0,8622757,Secret Admirer
tt0089984,7660857,0,7660857,He-Man and She-Ra: The Secret of the Sword
tt0089994,13961370,0,13961370,Follow That Bird
tt0090003,65817,0,65817,Shadey
tt0090015,20175,0,20175,Shoah
tt0090021,12361866,0,12361866,Silver Bullet
tt0090022,32192570,0,32192570,Silverado
tt0090036,1878561,0,1878561,The Slugger's Wife
tt0090037,16785,0,16785,Smooth Talk
tt0090054,7689,0,7689,Space Rage
tt0090056,60088980,0,60088980,Spies Like Us
tt0090057,17785,0,17785,Spookies
tt0090060,37803872,0,37803872,St. Elmo's Fire
tt0090065,3360800,0,3360800,Starchaser: The Legend of Orin
tt0090073,8489518,0,8489518,Stick
tt0090092,90000,0,90000,Stripper
tt0090095,390659,0,390659,Subway
tt0090098,24689703,0,24689703,Summer Rental
tt0090103,18135531,0,18135531,The Sure Thing
tt0090107,174065,0,174065,Grand Illusion
tt0090110,9085049,0,9085049,Sweet Dreams
tt0090112,385687,0,385687,Sylvester
tt0090130,9023199,0,9023199,Target
tt0090142,33086611,0,33086611,Teen Wolf
tt0090151,8630068,0,8630068,That Was Then... This Is Now
tt0090152,4210938,0,4210938,That's Dancing!
tt0090180,17307019,0,17307019,To Live and Die in L.A.
tt0090184,14100000,0,14100000,Tomboy
tt0090196,7196872,0,7196872,Transylvania 6-5000
tt0090203,7491903,0,7491903,The Trip to Bountiful
tt0090206,2052466,0,2052466,Three Men and a Cradle
tt0090209,19632,0,19632,Trouble in Mind
tt0090213,9369329,0,9369329,Tuff Turf
tt0090217,3594997,0,3594997,Turk 182
tt0090219,2156772,0,2156772,Turtle Diary
tt0090223,8402424,0,8402424,Twice in a Lifetime
tt0090264,50327960,0,50327960,A View to a Kill
tt0090270,12993175,0,12993175,Vision Quest
tt0090274,19875740,0,19875740,Volunteers
tt0090293,1918117,0,1918117,Warning Sign
tt0090297,1256862,0,1256862,Water
tt0090305,23834048,15100000,38934048,Weird Science
tt0090310,1299985,0,1299985,Wetherby
tt0090315,5274,0,5274,When the Wind Blows
tt0090319,42160849,0,42160849,White Nights
tt0090323,69342,0,69342,Wild Geese II
tt0090327,7369373,0,7369373,Witchboard
tt0090329,68706993,0,68706993,Witness
tt0090350,18707466,0,18707466,Year of the Dragon
tt0090357,19739575,0,19739575,Young Sherlock Holmes
tt0090555,174803506,153400000,328203506,Crocodile Dundee
tt0090556,441863,0,441863,"'night, Mother"
tt0090557,3272593,0,3272593,'Round Midnight
tt0090559,83857,0,83857,16 Days of Glory
tt0090563,2016851,0,2016851,Betty Blue
tt0090565,22039,0,22039,Four Adventures of Reinette and Mirabelle
tt0090567,5186646,0,5186646,52 Pick-Up
tt0090568,1305114,0,1305114,8 Million Ways to Die
tt0090570,1083486,0,1083486,84 Charing Cross Road
tt0090576,512403,0,512403,The Assault
tt0090583,38702310,0,38702310,About Last Night...
tt0090585,930211,0,930211,Absolute Beginners
tt0090605,85160248,45900000,131060248,Aliens
tt0090631,4845724,0,4845724,American Anthem
tt0090633,47483002,37059000,84542002,An American Tail
tt0090655,12947763,0,12947763,April Fool's Day
tt0090660,15945534,0,15945534,Armed and Dangerous
tt0090670,2347000,0,2347000,At Close Range
tt0090678,4679650,0,4679650,Avenging Force
tt0090685,91258000,0,91258000,Back to School
tt0090693,4865912,0,4865912,Band of the Hand
tt0090710,1142243,0,1142243,Belizaire the Cajun
tt0090713,7790931,0,7790931,The Best of Times
tt0090728,11100000,0,11100000,Big Trouble in Little China
tt0090735,6637565,0,6637565,Black Moon Rising
tt0090738,25205460,0,25205460,Black Widow
tt0090753,6947787,0,6947787,Blue City
tt0090756,8551228,0,8551228,Blue Velvet
tt0090768,7177431,0,7177431,The Boy Who Could Fly
tt0090769,275000,0,275000,The Boy in Blue
tt0090774,11957943,0,11957943,Brighton Beach Memoirs
tt0090779,2995527,0,2995527,Bullies
tt0090798,3774,0,3774,Caravaggio
tt0090799,8540346,0,8540346,Care Bears Movie II: A New Generation
tt0090830,31853080,0,31853080,Children of a Lesser God
tt0090848,1953732,0,1953732,The Clan of the Cave Bear
tt0090852,1476356,0,1476356,Clockwise
tt0090856,12308521,0,12308521,Club Paradise
tt0090859,49042224,0,49042224,Cobra
tt0090863,52293982,0,52293982,The Color of Money
tt0090867,4299,0,4299,Coming Up Roses
tt0090886,22905522,0,22905522,Crimes of the Heart
tt0090887,13167232,0,13167232,Critters
tt0090888,5839031,0,5839031,Crossroads
tt0090904,2390525,0,2390525,Dangerously Close
tt0090917,8988731,0,8988731,Deadly Friend
tt0090927,17768900,0,17768900,The Delta Force
tt0090934,416393,0,416393,Desert Bloom
tt0090944,546904,0,546904,Devil in the Flesh
tt0090966,62134225,0,62134225,Down and Out in Beverly Hills
tt0090967,1435668,0,1435668,Down by Law
tt0090970,502237,0,502237,Dream Lover
tt0090985,1902706,0,1902706,The Decline of the American Empire
tt0091003,4601256,0,4601256,Eliminators
tt0091019,278623,0,278623,Every Time We Say Goodbye
tt0091024,13418091,0,13418091,Extremities
tt0091042,70136369,0,70136369,Ferris Bueller's Day Off
tt0091051,6029824,0,6029824,A Fine Mess
tt0091053,4636169,0,4636169,Fire with Fire
tt0091055,11949484,0,11949484,Firewalker
tt0091059,18564613,0,18564613,Flight of the Navigator
tt0091064,40456565,20172594,60629159,The Fly
tt0091080,19472057,0,19472057,Friday the 13th Part VI: Jason Lives
tt0091083,1261000,0,1261000,From Beyond
tt0091113,837623,0,837623,Ginger and Fred
tt0091116,202428,0,202428,The Girl in the Picture
tt0091123,1338264,0,1338264,GoBots: Battle of the Rock Lords
tt0091129,79817937,0,79817937,The Golden Child
tt0091142,916172,0,916172,Gothic
tt0091149,38625550,0,38625550,The Great Mouse Detective
tt0091159,36611610,0,36611610,Gung Ho
tt0091164,1131399,0,1131399,Half Moon Street
tt0091167,40084041,0,40084041,Hannah and Her Sisters
tt0091173,78068,0,78068,Hardbodies 2
tt0091178,8033397,0,8033397,Haunted Honeymoon
tt0091183,3393807,0,3393807,Head Office
tt0091187,42724017,0,42724017,Heartbreak Ridge
tt0091188,25314189,0,25314189,Heartburn
tt0091203,5900000,0,5900000,Highlander
tt0091209,5844868,0,5844868,The Hitcher
tt0091213,50379,0,50379,Hollywood Vice Squad
tt0091216,1250000,0,1250000,Home of the Brave: A Film by Laurie Anderson
tt0091217,28607524,0,28607524,Hoosiers
tt0091223,19444631,0,19444631,House
tt0091225,16295774,21667000,37962774,Howard the Duck
tt0091270,2685,0,2685,Inspecteur Lavardin
tt0091276,4884663,0,4884663,Invaders from Mars
tt0091278,24159872,0,24159872,Iron Eagle
tt0091282,1943751,0,1943751,Jake Speed
tt0091288,4940939,0,4940939,Jean de Florette
tt0091295,18034150,0,18034150,"Jo Jo Dancer, Your Life Is Calling"
tt0091306,29844101,0,29844101,Jumpin' Jack Flash
tt0091310,6408791,0,6408791,Just Between Friends
tt0091313,3388020,0,3388020,Born American
tt0091326,115103979,0,115103979,The Karate Kid Part II
tt0091343,2407024,0,2407024,The Kindred
tt0091344,4711220,0,4711220,King Kong Lives
tt0091351,601451,0,601451,Knights of the City
tt0091369,13723253,176842,13900095,Labyrinth
tt0091374,277646,0,277646,Lady Jane
tt0091375,5076,0,5076,Lamb
tt0091396,49851591,43300000,93151591,Legal Eagles
tt0091400,140980,0,140980,Let's Get Harry
tt0091415,1720450,0,1720450,Link
tt0091419,38982260,0,38982260,Little Shop of Horrors
tt0091445,8200000,0,8200000,Lucas
tt0091472,3900000,0,3900000,The Manhattan Project
tt0091474,8620929,0,8620929,Manhunter
tt0091480,3940542,0,3940542,Manon of the Spring
tt0091495,206952,3366,210318,Matador
tt0091497,40988,8582,49570,Mauvais Sang
tt0091499,7433663,0,7433663,Maximum Overdrive
tt0091508,2556361,0,2556361,The Men's Club
tt0091530,17218023,0,17218023,The Mission
tt0091534,604849,0,604849,Modern Girls
tt0091538,5794184,0,5794184,Mona Lisa
tt0091541,37499651,17500000,54999651,The Money Pit
tt0091554,25147055,0,25147055,The Morning After
tt0091557,14302779,0,14302779,The Mosquito Coast
tt0091575,9947631,0,9947631,Murphy's Law
tt0091578,2451545,0,2451545,My Beautiful Laundrette
tt0091579,4781448,0,4781448,My Chauffeur
tt0091583,25000,0,25000,My Little Girl
tt0091584,5958456,0,5958456,My Little Pony: The Movie
tt0091603,3136701,0,3136701,The Naked Cage
tt0091605,7153487,0,7153487,The Name of the Rose
tt0091613,1301121,0,1301121,Native Son
tt0091630,591366,0,591366,Night of the Creeps
tt0091635,6735922,0,6735922,9ï¿½ï¿½ï¿
tt0091637,12303904,0,12303904,No Mercy
tt0091642,563358,0,563358,Nobody's Fool
tt0091647,2278264,0,2278264,Nomads
tt0091653,32324557,0,32324557,Nothing in Common
tt0091658,781727,0,781727,Nutcracker
tt0091668,4842778,0,4842778,Off Beat
tt0091670,81963,0,81963,The Sacrifice
tt0091671,1355728,0,1355728,From a Whisper to a Scream
tt0091680,13431806,0,13431806,One Crazy Summer
tt0091706,5099316,0,5099316,Out of Bounds
tt0091707,1083395,0,1083395,The Outing
tt0091712,583800,0,583800,Oviri
tt0091713,2497233,0,2497233,Behind Enemy Lines
tt0091738,41382841,0,41382841,Peggy Sue Got Married
tt0091756,67421,0,67421,Ping Pong
tt0091757,1641825,0,1641825,Pirates
tt0091763,138530565,15067,138545632,Platoon
tt0091767,2669366,0,2669366,Playing for Keeps
tt0091777,43579163,0,43579163,Police Academy 3: Back in Training
tt0091778,40996665,0,40996665,Poltergeist II: The Other Side
tt0091786,3800000,0,3800000,Power
tt0091790,40471663,0,40471663,Pretty in Pink
tt0091799,14481606,0,14481606,Psycho III
tt0091814,7634909,0,7634909,Quicksilver
tt0091815,1900000,0,1900000,Quiet Cool
tt0091817,2015882,0,2015882,Rad
tt0091818,220038,0,220038,Radioactive Dreams
tt0091828,16209459,0,16209459,Raw Deal
tt0091830,43839,0,43839,Summer
tt0091836,2510433,0,2510433,Reform School Girls
tt0091859,124167,0,124167,"Rita, Sue and Bob Too"
tt0091860,4600000,0,4600000,River's Edge
tt0091867,20966644,0,20966644,A Room with a View
tt0091875,38500726,0,38500726,Running Scared
tt0091877,71624879,0,71624879,Ruthless People
tt0091886,1500000,0,1500000,Salvador
tt0091934,2315683,0,2315683,Shanghai Surprise
tt0091939,7137502,0,7137502,She's Gotta Have It
tt0091949,40697761,0,40697761,Short Circuit
tt0091954,2826523,0,2826523,Sid and Nancy
tt0091963,2295500,0,2295500,Sky Bandits
tt0091981,1579260,0,1579260,Solarbabies
tt0091983,8362969,0,8362969,Something Wild
tt0091991,27820000,0,27820000,Soul Man
tt0091993,9697739,0,9697739,SpaceCamp
tt0092005,52287414,0,52287414,Stand by Me
tt0092007,109713132,0,109713132,Star Trek IV: The Voyage Home
tt0092022,2546238,0,2546238,Streets of Gold
tt0092034,6614,0,6614,Sweet Country
tt0092035,14205021,0,14205021,Sweet Liberty
tt0092042,4007250,0,4007250,Tai-Pan
tt0092048,224097,0,224097,Tampopo
tt0092068,925952,0,925952,Mï¿½ï¿½
tt0092074,320256,0,320256,TerrorVision
tt0092076,8025872,0,8025872,The Texas Chainsaw Massacre 2
tt0092079,4079895,0,4079895,That's Life!
tt0092086,39246734,0,39246734,ýýThree Amigos!
tt0092099,179800601,177030000,356830601,Top Gun
tt0092104,1254040,0,1254040,Touch and Go
tt0092105,21458229,0,21458229,Tough Guys
tt0092106,5849647,0,5849647,The Transformers: The Movie
tt0092112,6797218,0,6797218,Trick or Treat
tt0092115,5450815,0,5450815,Troll
tt0092117,2545142,0,2545142,True Stories
tt0092133,10090429,0,10090429,Under the Cherry Moon
tt0092147,4941117,0,4941117,Vamp
tt0092172,12000,0,12000,The Vindicator
tt0092173,4743287,0,4743287,Violets Are Blue...
tt0092195,351623,0,351623,Weekend Warriors
tt0092205,676166,0,676166,Where the River Runs Black
tt0092206,1500000,0,1500000,The Whistle Blower
tt0092214,26285544,0,26285544,Wildcats
tt0092216,277405,0,277405,Willy/Milly
tt0092220,19367,0,19367,Windrider
tt0092225,5715174,0,5715174,Wisdom
tt0092226,8475466,0,8475466,Wise Guys
tt0092238,1777378,0,1777378,Working Girls
tt0092240,3500000,0,3500000,The Wraith
tt0092272,15448384,0,15448384,Youngblood
tt0092337,762214,0,762214,Dekalog
tt0092493,109306210,130300000,239606210,Crocodile Dundee II
tt0092494,32945797,32143000,65088797,*batteries not included
tt0092513,34368475,0,34368475,Adventures in Babysitting
tt0092534,3751699,0,3751699,Allan Quatermain and the Lost City of Gold
tt0092537,2700000,0,2700000,The Allnighter
tt0092546,548696,0,548696,Amazon Women on the Moon
tt0092548,4000000,0,4000000,American Ninja 2: The Confrontation
tt0092550,823243,0,823243,Boyfriends and Girlfriends
tt0092559,717376,0,717376,And God Created Woman
tt0092563,17185632,0,17185632,Angel Heart
tt0092569,1236848,0,1236848,Anna
tt0092580,1028679,0,1028679,Aria
tt0092585,6075793,0,6075793,Assassination
tt0092593,4542825,0,4542825,Au Revoir les Enfants
tt0092603,4398938,0,4398938,Babette's Feast
tt0092605,26712476,0,26712476,Baby Boom
tt0092608,13110903,0,13110903,Back to the Beach
tt0092615,800000,0,800000,The Barbarians
tt0092618,3221568,0,3221568,Barfly
tt0092627,12640385,0,12640385,The Bedroom Window
tt0092632,18753438,0,18753438,The Believers
tt0092636,226944,0,226944,Bellman and True
tt0092638,22257624,0,22257624,Benji the Hunted
tt0092641,4278150,0,4278150,Best Seller
tt0092644,153665036,146300000,299965036,Beverly Hills Cop II
tt0092646,790000,0,790000,Beyond Therapy
tt0092654,17685307,0,17685307,The Big Easy
tt0092655,3390043,0,3390043,Big Shots
tt0092656,1733017,0,1733017,The Big Town
tt0092666,39321715,0,39321715,Blind Date
tt0092675,11806119,0,11806119,Bloodsport
tt0092690,17355263,0,17355263,Born in East L.A.
tt0092699,51249404,16081905,67331309,Broadcast News
tt0092710,16337355,0,16337355,Burglar
tt0092717,989528,0,989528,Campus Man
tt0092718,31623833,0,31623833,Can't Buy Me Love
tt0092721,73757,0,73757,Captive Hearts
tt0092723,2608000,0,2608000,The Care Bears Adventure in Wonderland
tt0092751,1262091,0,1262091,China Girl
tt0092752,6804312,0,6804312,The Chipmunk Adventure
tt0092758,719323,0,719323,Chuck Berry Hail! Hail! Rock 'n' Roll
tt0092767,285885,0,285885,Cold Steel
tt0092783,1984315,0,1984315,Cop
tt0092796,14000000,0,14000000,Creepshow 2
tt0092798,20240502,0,20240502,Critical Condition
tt0092802,1025762,0,1025762,Cross My Heart
tt0092804,5899797,0,5899797,Cry Freedom
tt0092809,1930001,0,1930001,The Curse
tt0092822,1190416,0,1190416,Dancers
tt0092834,1988962,0,1988962,Date with an Angel
tt0092842,2413427,0,2413427,Dead of Winter
tt0092843,4370078,0,4370078,The Dead
tt0092844,141211,0,141211,Witness in the War Zone
tt0092850,2750741,0,2750741,Deadtime Stories
tt0092854,4546244,0,4546244,Death Before Dishonor
tt0092857,6880310,0,6880310,Death Wish 4: The Crackdown
tt0092890,64577242,150310033,214887275,Dirty Dancing
tt0092897,10348437,0,10348437,Disorderlies
tt0092925,57387516,9286000,66673516,Dragnet
tt0092929,424773,0,424773,Drowning by Numbers
tt0092934,8736,0,8736,Duet for One
tt0092944,200723,0,200723,Eat the Rich
tt0092946,23717,0,23717,Echoes of Paradise
tt0092948,50504655,0,50504655,Eddie Murphy: Raw
tt0092965,22238696,0,22238696,Empire of the Sun
tt0092967,25000,0,25000,End of the Line
tt0092974,23509382,0,23509382,Ernest Goes to Camp
tt0092991,5923044,0,5923044,Evil Dead II
tt0092997,11307844,0,11307844,Extreme Prejudice
tt0093004,346730,0,346730,The Family
tt0093010,156645693,163500000,320145693,Fatal Attraction
tt0093011,12046526,0,12046526,Fatal Beauty
tt0093029,969205,0,969205,Five Corners
tt0093036,15151736,0,15151736,Flowers in the Attic
tt0093042,36786,0,36786,"Forever, Lulu"
tt0093044,12423831,0,12423831,The Fourth Protocol
tt0093051,9518342,0,9518342,From the Hip
tt0093058,46357676,0,46357676,Full Metal Jacket
tt0093067,125400,0,125400,Gaby: A True Story
tt0093072,1576615,0,1576615,The Garbage Pail Kids Movie
tt0093073,5262047,0,5262047,Gardens of Stone
tt0093075,13539458,0,13539458,The Gate
tt0093092,901364,0,901364,Julia and Julia
tt0093093,895904,0,895904,The Glass Menagerie
tt0093103,421201,0,421201,The Good Father
tt0093104,183700,0,183700,Good Morning Babylon
tt0093105,123922370,0,123922370,"Good Morning, Vietnam"
tt0093106,1155020,0,1155020,The Good Wife
tt0093137,13839404,0,13839404,Hamburger Hill
tt0093143,760000,0,760000,The Hanoi Hilton
tt0093145,41232,0,41232,Happy New Year
tt0093148,29760613,20238000,49998613,Harry and the Hendersons
tt0093164,2793214,0,2793214,Heat
tt0093166,77886,0,77886,Heaven
tt0093175,20419446,0,20419446,Hello Again
tt0093176,2683519,0,2683519,Prom Night II
tt0093177,14564027,0,14564027,Hellraiser
tt0093185,9747988,0,9747988,The Hidden
tt0093186,7019441,0,7019441,Hiding Out
tt0093191,3333969,2547,3336516,Wings of Desire
tt0093200,5228617,0,5228617,Hollywood Shuffle
tt0093204,11660,0,11660,Home Is Where the Hart Is
tt0093207,55572,0,55572,Wings of Honneamise
tt0093209,10021120,0,10021120,Hope and Glory
tt0093215,4215849,0,4215849,Hot Pursuit
tt0093217,9526,0,9526,Hotel Colonial
tt0093220,7800000,0,7800000,House II: The Second Story
tt0093223,2585639,0,2585639,House of Games
tt0093225,1083282,0,1083282,Housekeeping
tt0093231,1749956,0,1749956,Hunk
tt0093239,1408491,0,1408491,I've Heard the Mermaids Singing
tt0093240,78814,0,78814,Me and Him
tt0093253,999382,0,999382,In the Mood
tt0093260,25893810,0,25893810,Innerspace
tt0093267,138608,0,138608,Intervista
tt0093276,11385,0,11385,Iron Warrior
tt0093277,7393346,0,7393346,Ironweed
tt0093278,14375181,0,14375181,Ishtar
tt0093300,20763013,31118000,51881013,Jaws: The Revenge
tt0093347,500283,0,500283,The Killing Time
tt0093349,61821,0,61821,King Lear
tt0093354,101807,0,101807,The Kitchen Toto
tt0093378,54215416,0,54215416,La Bamba
tt0093379,169600,0,169600,Lady Beware
tt0093389,43984230,0,43984230,The Last Emperor
tt0093405,4615255,0,4615255,Leonard Part 6
tt0093407,12396383,0,12396383,Less Than Zero
tt0093409,65207127,55000000,120207127,Lethal Weapon
tt0093415,10489617,0,10489617,Light of Day
tt0093416,33779,0,33779,The Lighthorsemen
tt0093418,34377585,0,34377585,Like Father Like Son
tt0093428,51185897,0,51185897,The Living Daylights
tt0093437,32222567,0,32222567,The Lost Boys
tt0093443,61789,0,61789,Love at Stake
tt0093467,4572845,0,4572845,Made in Heaven
tt0093476,9868521,0,9868521,Maid to Order
tt0093477,1584970,0,1584970,Making Mr. Right
tt0093483,3060858,0,3060858,Malone
tt0093489,519596,0,519596,Man on Fire
tt0093493,42721196,0,42721196,Mannequin
tt0093507,17336370,0,17336370,Masters of the Universe
tt0093509,1680358,0,1680358,Matewan
tt0093512,2484230,0,2484230,Maurice
tt0093516,2147228,0,2147228,Meatballs III: Summer Job
tt0093539,989033,0,989033,Million Dollar Mystery
tt0093558,193209,0,193209,Mondo New York
tt0093560,3769990,0,3769990,The Monster Squad
tt0093565,80640528,0,80640528,Moonstruck
tt0093567,2136381,0,2136381,Morgan Stewart's Coming Home
tt0093589,3922273,0,3922273,My Demon Lover
tt0093596,5669831,0,5669831,Nadine
tt0093605,3369307,0,3369307,Near Dark
tt0093617,65000,0,65000,Nice Girls Don't Explode
tt0093624,3109904,0,3109904,Night of the Demons
tt0093626,1149470,0,1149470,Nightflyers
tt0093629,44793222,0,44793222,A Nightmare on Elm Street 3: Dream Warriors
tt0093633,2640,0,2640,Daughter of the Nile
tt0093638,2877571,0,2877571,No Man's Land
tt0093640,35509515,0,35509515,No Way Out
tt0093648,3832228,0,3832228,North Shore
tt0093654,847468,0,847468,Nowhere to Hide
tt0093658,410952,0,410952,Number One with a Bullet
tt0093660,30950002,0,30950002,Nuts
tt0093664,2201428,0,2201428,Dark Eyes
tt0093668,10628,232366,242994,Pathfinder
tt0093683,252430,0,252430,Orphans
tt0093690,52864741,0,52864741,Outrageous Fortune
tt0093692,16057580,0,16057580,Over the Top
tt0093693,26713187,0,26713187,Overboard
tt0093709,211821,0,211821,Beatrice
tt0093713,2063688,0,2063688,Pelle the Conqueror
tt0093714,1392616,0,1392616,Penitentiary III
tt0093727,1744164,0,1744164,Personal Services
tt0093737,13290368,0,13290368,The Pick-up Artist
tt0093743,3261638,0,3261638,Pinocchio and the Emperor of the Night
tt0093744,3569939,0,3569939,The New Adventures of Pippi Longstocking
tt0093748,49530280,0,49530280,"Planes, Trains & Automobiles"
tt0093756,28061343,0,28061343,Police Academy 4: Citizens on Patrol
tt0093771,1432687,0,1432687,A Prayer for the Dying
tt0093773,59735548,38532010,98267558,Predator
tt0093776,1654743,0,1654743,Prick Up Your Ears
tt0093777,14182492,0,14182492,Prince of Darkness
tt0093778,205000,0,205000,The Princess Academy
tt0093779,30857814,0,30857814,The Princess Bride
tt0093780,19734940,0,19734940,The Principal
tt0093793,18532286,3057109,21589395,Project X
tt0093816,60698,0,60698,Rachel River
tt0093818,14792779,0,14792779,Radio Days
tt0093822,22847564,6332716,29180280,Raising Arizona
tt0093828,873903,0,873903,Real Men
tt0093854,1189709,0,1189709,Return to Horror High
tt0093857,30063289,0,30063289,Revenge of the Nerds II: Nerds in Paradise
tt0093870,53424681,0,53424681,RoboCop
tt0093871,10642,0,10642,Robot Carnival
tt0093881,1730337,0,1730337,The Rosary Murders
tt0093886,40050884,0,40050884,Roxanne
tt0093894,38122105,0,38122105,The Running Man
tt0093898,2189047,0,2189047,Russkies
tt0093913,1196336,0,1196336,Sammy and Rosie Get Laid
tt0093936,66995879,44001000,110996879,The Secret of My Success
tt0093940,486434,0,486434,September
tt0093966,5406879,0,5406879,The Sicilian
tt0093969,700000,0,700000,Siesta
tt0093970,3000073,0,3000073,Sign 'o' the Times
tt0093980,743445,0,743445,"Sister, Sister"
tt0093986,406881,0,406881,Slam Dance
tt0094006,18553948,0,18553948,Some Kind of Wonderful
tt0094008,10278549,0,10278549,Someone to Watch Over Me
tt0094011,68765,0,68765,Under the Sun of Satan
tt0094012,38119483,0,38119483,Spaceballs
tt0094020,225358,0,225358,Square Dance
tt0094021,2228951,0,2228951,The Squeeze
tt0094025,65673233,0,65673233,Stakeout
tt0094027,13994920,0,13994920,Stand and Deliver
tt0094033,562187,0,562187,Steel Dawn
tt0094034,1327740,0,1327740,Steele Justice
tt0094035,2488740,0,2488740,The Stepfather
tt0094037,136158,0,136158,Stewardess School
tt0094048,210200,0,210200,Straight to Hell
tt0094056,1119112,0,1119112,Street Smart
tt0094071,350481,0,350481,Summer Heat
tt0094072,35659098,0,35659098,Summer School
tt0094074,15681020,0,15681020,Superman IV: The Quest for Peace
tt0094078,5711976,0,5711976,Surrender
tt0094082,18782400,0,18782400,Suspect
tt0094089,1092911,0,1092911,Swimming to Cambodia
tt0094118,7888703,0,7888703,Teen Wolf Too
tt0094137,167780960,0,167780960,Three Men and a Baby
tt0094138,3685862,0,3685862,Three O'Clock High
tt0094140,1539000,0,1539000,Three for the Road
tt0094142,57915972,0,57915972,Throw Momma from the Train
tt0094152,12682,0,12682,The Time Guardian
tt0094155,25411386,0,25411386,Tin Men
tt0094169,858250,0,858250,Tough Guys Don't Dance
tt0094208,949451,0,949451,A Man in Love
tt0094226,76270454,0,76270454,The Untouchables
tt0094269,1577480,0,1577480,Vincent: The Life and Death of Vincent Van Gogh
tt0094286,751555,0,751555,American Playhouse: Waiting for the Moon
tt0094291,43848069,0,43848069,Wall Street
tt0094293,7555000,0,7555000,Wanted: Dead or Alive
tt0094304,2325444,0,2325444,Weeds
tt0094315,1338198,0,1338198,The Whales of August
tt0094317,3107551,0,3107551,White Mischief
tt0094318,300859,0,300859,White Water Summer
tt0094321,7305209,0,7305209,Who's That Girl
tt0094331,3283832,0,3283832,Wish You Were Here
tt0094332,63766510,0,63766510,The Witches of Eastwick
tt0094336,1544889,82429,1627318,Withnail & I
tt0094347,213901,0,213901,The Year My Voice Broke
tt0094383,21905,0,21905,Zombie High
tt0094593,2567099,0,2567099,18 Again!
tt0094594,5979011,0,5979011,1969
tt0094597,2955917,0,2955917,976-EVIL
tt0094602,18869631,0,18869631,Above the Law
tt0094606,32632093,0,32632093,The Accidental Tourist
tt0094608,32078318,0,32078318,The Accused
tt0094612,20256975,0,20256975,Action Jackson
tt0094625,553171,0,553171,Akira
tt0094631,25216243,6938804,32155047,Alien Nation
tt0094637,418379,0,418379,Aloha Summer
tt0094651,98003,0,98003,Amsterdamned
tt0094663,1562749,0,1562749,Another Woman
tt0094667,1267578,0,1267578,Apartment Zero
tt0094669,960040,0,960040,Appointment with Death
tt0094678,14681192,0,14681192,Arthur 2: On the Rocks
tt0094701,9797098,0,9797098,Bad Dreams
tt0094712,3966256,0,3966256,Bat*21
tt0094715,57041866,0,57041866,Beaches
tt0094716,161004,0,161004,The Beast of War
tt0094721,73707461,0,73707461,Beetlejuice
tt0094731,25816139,0,25816139,Betrayed
tt0094737,115227281,36700000,151927281,Big
tt0094739,40150487,0,40150487,Big Business
tt0094744,15122324,0,15122324,Big Top Pee-wee
tt0094746,43184798,8500000,51684798,Biloxi Blues
tt0094747,2181286,0,2181286,Bird
tt0094761,8247943,0,8247943,The Blob
tt0094764,882290,0,882290,The Blood of Heroes
tt0094768,161398,0,161398,The Blue Iguana
tt0094783,784990,0,784990,The Boost
tt0094792,6193901,0,6193901,Braddock: Missing in Action III
tt0094799,16118077,0,16118077,"Bright Lights, Big City"
tt0094812,50888729,0,50888729,Bull Durham
tt0094813,807947,0,807947,Bulletproof
tt0094819,540000,0,540000,Buster
tt0094824,11798302,0,11798302,Caddyshack II
tt0094827,251819,0,251819,Call Me
tt0094828,3331297,0,3331297,Camille Claudel
tt0094846,12277096,0,12277096,Casual Sex?
tt0094862,33244684,10952000,44196684,Child's Play
tt0094868,2319801,0,2319801,Chocolat
tt0094869,303624,0,303624,The Chocolate War
tt0094871,216373,0,216373,A Chorus of Disapproval
tt0094882,5194491,0,5194491,Clara's Heart
tt0094884,8674093,0,8674093,Clean and Sober
tt0094888,12702,0,12702,Cobra Verde
tt0094889,78222753,93282028,171504781,Cocktail
tt0094890,18924919,6100000,25024919,Cocoon: The Return
tt0094894,46616067,0,46616067,Colors
tt0094898,128152301,160600000,288752301,Coming to America
tt0094907,118206,0,118206,Consuming Passions
tt0094910,11005304,0,11005304,The Couch Trip
tt0094919,3813293,0,3813293,Critters 2
tt0094921,16262415,0,16262415,Crossing Delancey
tt0094923,315421,0,315421,Crusoe
tt0094924,6908797,0,6908797,A Cry in the Dark
tt0094933,12706478,0,12706478,D.O.A.
tt0094934,644532,0,644532,Da
tt0094947,34670720,0,34670720,Dangerous Liaisons
tt0094961,3588626,0,3588626,Dead Heat
tt0094963,37903295,0,37903295,The Dead Pool
tt0094964,8038508,0,8038508,Dead Ringers
tt0094979,346297,0,346297,The Deceivers
tt0094980,373743,0,373743,The Decline of Western Civilization Part II: The Metal Years
tt0095016,83519093,57869388,141388481,Die Hard
tt0095031,42039085,0,42039085,Dirty Rotten Scoundrels
tt0095036,156188,0,156188,Distant Thunder
tt0095037,693563,28067,721630,"Distant Voices, Still Lives"
tt0095047,29576,0,29576,Doin' Time on Planet Earth
tt0095050,3076031,0,3076031,Dominick and Eugene
tt0095082,5680515,0,5680515,Eight Men Out
tt0095088,5596267,0,5596267,Elvira: Mistress of the Dark
tt0095107,28202109,0,28202109,Ernest Saves Christmas
tt0095119,12638294,0,12638294,Everybody's All-American
tt0095145,3838793,0,3838793,Feds
tt0095159,62493712,0,62493712,A Fish Called Wanda
tt0095169,17514553,0,17514553,For Keeps?
tt0095174,17637950,0,17637950,Frantic
tt0095178,6640346,0,6640346,Fresh Horses
tt0095179,19170001,0,19170001,Friday the 13th Part VII: The New Blood
tt0095186,450726,0,450726,Full Moon in Blue Water
tt0095188,25537221,0,25537221,Funny Farm
tt0095215,75000,0,75000,Ghost Town
tt0095238,4764606,0,4764606,The Good Mother
tt0095241,159731,0,159731,Gor
tt0095243,24720479,36429000,61149479,Gorillas in the Mist
tt0095250,3580882,0,3580882,The Big Blue
tt0095253,41455230,2000000,43455230,The Great Outdoors
tt0095270,6671108,0,6671108,Hairspray
tt0095271,17768757,0,17768757,Halloween 4: The Return of Michael Myers
tt0095274,1560700,0,1560700,A Handful of Dust
tt0095275,139796,0,139796,Hanna's War
tt0095276,82635,0,82635,Hanussen
tt0095280,9911,0,9911,Haunted Summer
tt0095288,5509417,0,5509417,Heartbreak Hotel
tt0095289,272371,0,272371,Heavy Petting
tt0095294,12090735,0,12090735,Hellbound: Hellraiser II
tt0095296,5301200,0,5301200,Hero and the Terror
tt0095302,1192322,0,1192322,High Hopes
tt0095304,8578231,0,8578231,High Spirits
tt0095311,4564,0,4564,Hit List
tt0095326,6436211,0,6436211,Hot to Trot
tt0095333,459824,0,459824,The House on Carroll Street
tt0095348,13030057,0,13030057,I'm Gonna Git You Sucka
tt0095357,259019,0,259019,Illegally Yours
tt0095360,3753977,148,3754125,Imagine: John Lennon
tt0095362,136567,0,136567,The In Crowd
tt0095382,10497324,0,10497324,Iron Eagle II
tt0095384,344375,0,344375,It Takes Two
tt0095409,17550399,0,17550399,Johnny Be Good
tt0095415,229556,0,229556,Judgement in Berlin
tt0095419,12751,0,12751,Diamond's Edge
tt0095428,2432536,0,2432536,Kansas
tt0095445,35000,0,35000,A Killing Affair
tt0095454,1869148,0,1869148,The Kiss
tt0095484,1705139,0,1705139,Lady in White
tt0095488,1189315,0,1189315,The Lair of the White Worm
tt0095489,48092846,36368000,84460846,The Land Before Time
tt0095497,8373585,0,8373585,The Last Temptation of Christ
tt0095511,699397,0,699397,La lectrice
tt0095519,22433275,0,22433275,License to Drive
tt0095525,370698,0,370698,Gandahar
tt0095530,1025228,0,1025228,Little Dorrit
tt0095532,1733070,0,1733070,Little Nikita
tt0095560,6424112,0,6424112,Mac and Me
tt0095564,3548238,0,3548238,Madame Sousatzka
tt0095574,1262598,0,1262598,Little Vera
tt0095583,671382,0,671382,Maniac Cop
tt0095593,21486757,0,21486757,Married to the Mob
tt0095599,15855828,0,15855828,Masquerade
tt0095606,1086894,0,1086894,The Music Teacher
tt0095607,16714,0,16714,Medea
tt0095613,3965604,0,3965604,Memories of Me
tt0095626,3074681,0,3074681,Messenger of Death
tt0095629,1328001,0,1328001,Midnight Crossing
tt0095631,38413606,43200000,81613606,Midnight Run
tt0095638,13825794,0,13825794,The Milagro Beanfield War
tt0095640,188964,0,188964,Miles from Home
tt0095646,6127,0,6127,Missing Link
tt0095647,34603943,0,34603943,Mississippi Burning
tt0095649,2011497,0,2011497,The Moderns
tt0095652,5344577,0,5344577,Monkey Shines
tt0095654,11444204,0,11444204,Moon Over Parador
tt0095662,10815378,0,10815378,Moving
tt0095665,1221366,0,1221366,Mr. North
tt0095675,7179298,0,7179298,Women on the Verge of a Nervous Breakdown
tt0095684,174380,0,174380,My Best Friend Is a Vampire
tt0095687,13854000,0,13854000,My Stepmother Is an Alien
tt0095690,12793213,0,12793213,Mystic Pizza
tt0095705,78756177,0,78756177,The Naked Gun: From the Files of Police Squad!
tt0095709,1333379,0,1333379,The Navigator: A Medieval Odyssey
tt0095726,7721852,0,7721852,A New Life
tt0095736,6264058,0,6264058,A Night in the Life of Jimmy Reardon
tt0095742,49369899,0,49369899,A Nightmare on Elm Street 4: The Dream Master
tt0095765,12397210,0,12397210,Cinema Paradiso
tt0095774,7242035,0,7242035,Off Limits
tt0095776,74151346,0,74151346,Oliver & Company
tt0095800,31753898,0,31753898,The Bear
tt0095801,3587303,0,3587303,Bagdad Cafe
tt0095827,1451857,0,1451857,Pascali's Island
tt0095832,169785,0,169785,Pass the Ammo
tt0095836,1223326,0,1223326,Patty Hearst
tt0095853,1893139,0,1893139,Permanent Record
tt0095863,7282851,0,7282851,Phantasm II
tt0095875,289323,0,289323,Plain Clothes
tt0095877,1348771,0,1348771,Platoon Leader
tt0095882,19510371,0,19510371,Police Academy 5: Assignment: Miami Beach
tt0095889,14114488,0,14114488,Poltergeist III
tt0095894,586938,0,586938,Pound Puppies and the Legend of Big Paw
tt0095895,589244,0,589244,Powaqqatsi
tt0095897,20324096,0,20324096,The Presidio
tt0095903,5415,0,5415,The Prince of Pennsylvania
tt0095904,345704,0,345704,Prison
tt0095916,316199,0,316199,Promised Land
tt0095924,40397,0,40397,Pulse
tt0095925,4385516,0,4385516,Pumpkinhead
tt0095927,21042667,0,21042667,Punchline
tt0095953,172825435,182000000,354825435,Rain Man
tt0095956,53715611,135300000,189015611,Rambo III
tt0095958,796368,0,796368,Rampage
tt0095963,34994648,0,34994648,Red Heat
tt0095977,295000,0,295000,Rent-a-Cop
tt0095981,5855392,0,5855392,The Rescue
tt0095990,9205924,0,9205924,Return of the Living Dead II
tt0095993,13687027,0,13687027,Return to Snowy River
tt0096003,187349,0,187349,Rocket Gibraltar
tt0096018,2835116,0,2835116,Running on Empty
tt0096028,2080046,0,2080046,Salaam Bombay!
tt0096030,8892589,0,8892589,Salsa
tt0096037,8253123,0,8253123,Satisfaction
tt0096054,14545844,0,14545844,School Daze
tt0096061,60328558,0,60328558,Scrooged
tt0096071,19595031,0,19595031,The Serpent and the Rainbow
tt0096072,177820,0,177820,Seven Hours to Judgment
tt0096073,18875011,0,18875011,The Seventh Sign
tt0096087,10068039,0,10068039,Shakedown
tt0096094,16031707,0,16031707,She's Having a Baby
tt0096098,29300090,0,29300090,Shoot to Kill
tt0096101,21630088,0,21630088,Short Circuit 2
tt0096152,657446,0,657446,Spellbinder
tt0096156,623112,0,623112,Spike of Bensonhurst
tt0096161,695822,0,695822,Split Decisions
tt0096171,7467504,0,7467504,Stealing Home
tt0096180,1791328,0,1791328,Stormy Monday
tt0096193,4594452,0,4594452,Sunset
tt0096200,3790493,0,3790493,Sweet Hearts Dance
tt0096203,9129999,0,9129999,Switching Channels
tt0096211,159969,0,159969,Taffin
tt0096219,3468572,0,3468572,Talk Radio
tt0096223,343786,0,343786,Tapeheads
tt0096241,99978,0,99978,The Telephone
tt0096244,41292551,0,41292551,Tequila Sunrise
tt0096246,858591,0,858591,The Terror Within
tt0096256,13008928,0,13008928,They Live
tt0096257,1209846,0,1209846,The Thin Blue Line
tt0096259,3527886,0,3527886,Things Change
tt0096267,422667,0,422667,Tiger Warsaw
tt0096271,1212487,0,1212487,A Time of Destiny
tt0096283,1105564,0,1105564,My Neighbor Totoro
tt0096289,4865997,2453,4868450,Torch Song Trilogy
tt0096291,3582760,0,3582760,Tougher Than Leather
tt0096294,429028,0,429028,Track 29
tt0096316,19652638,0,19652638,Tucker: The Man and His Dream
tt0096320,111938388,104676000,216614388,Twins
tt0096321,33455,0,33455,Twister
tt0096324,1547397,0,1547397,Two Moon Junction
tt0096328,8600823,0,8600823,U2: Rattle and Hum
tt0096332,10006806,0,10006806,The Unbearable Lightness of Being
tt0096340,6337299,0,6337299,The Unholy
tt0096378,1883811,0,1883811,Vibes
tt0096380,13664060,0,13664060,Vice Versa
tt0096425,940173,0,940173,Watchers
tt0096426,808114,0,808114,Waxwork
tt0096427,20998,0,20998,We Think the World of You
tt0096438,156452370,173351588,329803958,Who Framed Roger Rabbit
tt0096446,57269863,0,57269863,Willow
tt0096454,8539181,0,8539181,Without a Clue
tt0096461,9436,0,9436,As Tears Go By
tt0096463,63779477,39173635,102953112,Working Girl
tt0096464,2326860,0,2326860,A World Apart
tt0096465,323947,0,323947,World Gone Wild
tt0096466,1152786,0,1152786,The Wrong Guys
tt0096486,11536599,0,11536599,Young Einstein
tt0096487,45661556,0,45661556,Young Guns
tt0096615,12316,0,12316,L'hï¿½ï¿½ï¿½ï¿½ï¿½ï¿½ï¿½ï¿
tt0096734,36601993,12500000,49101993,The 'Burbs
tt0096754,54461047,35539051,90000098,The Abyss
tt0096755,111747,0,111747,Torrents of Spring
tt0096764,8083123,0,8083123,The Adventures of Baron Munchausen
tt0096769,76325,0,76325,After Midnight
tt0096770,3967,0,3967,After School
tt0096787,27100027,0,27100027,All Dogs Go to Heaven
tt0096794,43858790,30276000,74134790,Always
tt0096804,902152,0,902152,American Ninja 3: Blood Hunt
tt0096820,41526,0,41526,Animal Behavior
tt0096869,1305187,0,1305187,Babar: The Movie
tt0096874,118450002,213500000,331950002,Back to the Future Part II
tt0096895,251348343,160208482,411556825,Batman
tt0096911,75868,0,75868,"Bert Rigby, You're a Fool"
tt0096913,1700000,0,1700000,Best of the Best
tt0096918,192561,0,192561,Beverly Hills Brats
tt0096926,117463,0,117463,The Big Picture
tt0096928,40485039,0,40485039,Bill & Ted's Excellent Adventure
tt0096933,46212055,88000000,134212055,Black Rain
tt0096943,19131246,0,19131246,Blaze
tt0096945,2692037,0,2692037,Blind Fury
tt0096951,15510,0,15510,Blood Red
tt0096952,1770082,0,1770082,Bloodfist
tt0096953,43671,0,43671,Bloodhounds of Broadway
tt0096969,70001698,91000000,161001698,Born on the Fourth of July
tt0096976,1877618,0,1877618,Breaking In
tt0096978,67878,0,67878,Brenda Starr
tt0097003,618178,0,618178,Cage
tt0097027,18671317,0,18671317,Casualties of War
tt0097029,3686,0,3686,Catch Me If You Can
tt0097044,16278590,0,16278590,Chances Are
tt0097050,13299749,0,13299749,The Adventures of Milo and Otis
tt0097052,30877,0,30877,Checking Out
tt0097053,8153677,0,8153677,Cheetah
tt0097074,64227,0,64227,Cohen and Tate
tt0097100,1919653,0,1919653,Communion
tt0097108,7724701,0,7724701,"The Cook, the Thief, His Wife & Her Lover"
tt0097109,1869417,0,1869417,Cookie
tt0097115,1393610,0,1393610,Courage Mountain
tt0097116,22026369,0,22026369,Cousins
tt0097119,862551,0,862551,Crack House
tt0097123,18254702,0,18254702,Crimes and Misdemeanors
tt0097125,9974446,0,9974446,Criminal Law
tt0097138,10166459,0,10166459,Cyborg
tt0097142,22103037,5400000,27503037,Dad
tt0097158,336811,0,336811,Dark Obsession
tt0097162,7825009,0,7825009,Dead Calm
tt0097165,95860116,140000000,235860116,Dead Poets Society
tt0097166,8125592,0,8125592,Dead Bang
tt0097179,8143225,0,8143225,DeepStar Six
tt0097211,7723506,0,7723506,Disorganized Crime
tt0097216,27545445,9750000,37295445,Do the Right Thing
tt0097235,28890240,0,28890240,The Dream Team
tt0097236,5552441,0,5552441,Dream a Little Dream
tt0097239,106593296,39200000,145793296,Driving Miss Daisy
tt0097240,4729352,0,4729352,Drugstore Cowboy
tt0097243,3766879,0,3766879,A Dry White Season
tt0097257,3916303,0,3916303,Earth Girls Are Easy
tt0097262,536508,0,536508,Eddie and the Cruisers II: Eddie Lives!
tt0097276,7754571,0,7754571,"Enemies, A Love Story"
tt0097289,1932642,0,1932642,Erik the Viking
tt0097314,169203,0,169203,The Experts
tt0097322,18428904,0,18428904,The Fabulous Baker Boys
tt0097328,12195695,0,12195695,Family Business
tt0097332,11859,0,11859,Far from Home
tt0097334,2420917,0,2420917,Farewell to the King
tt0097336,3563162,0,3563162,Fat Man and Little Boy
tt0097350,3102,0,3102,The Feud
tt0097351,64431625,20000000,84431625,Field of Dreams
tt0097366,35150960,4300000,39450960,Fletch Lives
tt0097368,20021322,18881857,38903179,The Fly II
tt0097372,770132,0,770132,For All Mankind
tt0097373,191051,0,191051,For Queen & Country
tt0097388,14343976,0,14343976,Friday the 13th Part VIII: Jason Takes Manhattan
tt0097390,2983784,0,2983784,Fright Night Part 2
tt0097424,960385,0,960385,Getting It Right
tt0097428,112494738,102900000,215394738,Ghostbusters II
tt0097435,747013,0,747013,The Girl in a Swing
tt0097438,2777280,0,2777280,Gleaming the Cube
tt0097441,26979166,0,26979166,Glory
tt0097443,6291444,0,6291444,The Gods Must Be Crazy II
tt0097457,13741060,0,13741060,Great Balls of Fire!
tt0097458,11604598,0,11604598,Gross Anatomy
tt0097474,11642254,0,11642254,Halloween 5: The Revenge of Michael Myers
tt0097478,70912,0,70912,Happy Together
tt0097481,60864870,0,60864870,Harlem Nights
tt0097490,1097333,0,1097333,Heart of Dixie
tt0097493,1108462,0,1108462,Heathers
tt0097499,10161099,0,10161099,Henry V
tt0097500,18699037,0,18699037,Her Alibi
tt0097507,4780,0,4780,High Stakes
tt0097523,130724172,92000000,222724172,"Honey, I Shrunk the Kids"
tt0097527,1738897,0,1738897,The Horror Show
tt0097530,1642239,0,1642239,How I Got Into College
tt0097531,418053,0,418053,How to Get Ahead in Advertising
tt0097567,5932613,0,5932613,Immediate Family
tt0097570,3531971,0,3531971,In Country
tt0097576,197171806,277000000,474171806,Indiana Jones and the Last Crusade
tt0097579,20047604,0,20047604,An Innocent Man
tt0097607,2049769,0,2049769,Jacknife
tt0097613,4611062,0,4611062,The January Man
tt0097626,7237794,0,7237794,Johnny Handsome
tt0097635,1601612,0,1601612,Jesus of Montreal
tt0097637,43247647,35000000,78247647,K-9
tt0097647,38956288,0,38956288,The Karate Kid Part III
tt0097659,14697005,0,14697005,Kickboxer
tt0097662,283694,0,283694,Kill Me Again
tt0097670,3416846,0,3416846,Kinjite: Forbidden Subjects
tt0097702,1231622,0,1231622,The Icicle Thief
tt0097714,1730005,0,1730005,Last Exit to Brooklyn
tt0097722,31906454,0,31906454,Lean on Me
tt0097731,4973285,0,4973285,Let It Ride
tt0097733,147253986,80600000,227853986,Lethal Weapon 2
tt0097737,15704614,0,15704614,Leviathan
tt0097742,34667015,121500000,156167015,Licence to Kill
tt0097756,4299023,0,4299023,Listen to Me
tt0097757,111543479,108938072,220481551,The Little Mermaid
tt0097758,793775,0,793775,Little Monsters
tt0097770,22099847,0,22099847,Lock Up
tt0097778,140088813,156911000,296999813,Look Who's Talking
tt0097782,1247946,0,1247946,Lost Angels
tt0097790,3960327,0,3960327,Loverboy
tt0097814,1004057,0,1004057,Kiki's Delivery Service
tt0097815,49797148,0,49797148,Major League
tt0097826,70060,0,70060,Manifesto
tt0097880,4557214,0,4557214,The Mighty Quinn
tt0097883,5777099,0,5777099,Millennium
tt0097884,1576702,0,1576702,May Fools
tt0097885,85085,0,85085,Mind Games
tt0097889,1145404,0,1145404,Miracle Mile
tt0097892,1852655,0,1852655,Miss Firecracker
tt0097904,1417030,0,1417030,Monsieur Hire
tt0097937,14743391,0,14743391,My Left Foot
tt0097940,1541218,3755,1544973,Mystery Train
tt0097958,71319526,0,71319526,National Lampoon's Christmas Vacation
tt0097964,36106,0,36106,New Year's Day
tt0097965,10763469,0,10763469,New York Stories
tt0097967,15942628,0,15942628,Next of Kin
tt0097971,337812,0,337812,Night Game
tt0097981,22168359,0,22168359,A Nightmare on Elm Street 5: The Dream Child
tt0097987,16093651,0,16093651,No Holds Barred
tt0098022,3574256,0,3574256,Old Gringo
tt0098042,294266,0,294266,Out Cold
tt0098051,10647219,0,10647219,The Package
tt0098061,241278,0,241278,Paperhouse
tt0098067,100047830,26250000,126297830,Parenthood
tt0098068,870532,0,870532,Parents
tt0098084,57469467,0,57469467,Pet Sematary
tt0098087,1055416,0,1055416,The Little Thief
tt0098090,3953745,0,3953745,The Phantom of the Opera
tt0098093,3560932,0,3560932,Physical Evidence
tt0098097,12143484,0,12143484,Pink Cadillac
tt0098105,11567217,0,11567217,Police Academy 6: City Under Siege
tt0098112,283747,0,283747,Powwow Highway
tt0098115,18587135,0,18587135,Prancer
tt0098153,1236844,0,1236844,Queen of Hearts
tt0098158,100326,0,100326,Race for Glory
tt0098160,201468,0,201468,The Rachel Papers
tt0098165,444055,0,444055,The Rainbow
tt0098180,4192440,0,4192440,Red Scorpion
tt0098184,6985999,0,6985999,Relentless
tt0098188,9015164,0,9015164,Renegades
tt0098193,192816,0,192816,The Return of Swamp Thing
tt0098206,30050028,0,30050028,Road House
tt0098213,6706368,1000000,7706368,Roger & Me
tt0098219,1316495,0,1316495,Romero
tt0098222,2043889,0,2043889,Rooftops
tt0098224,574080,0,574080,Rosalie Goes Shopping
tt0098230,3169719,0,3169719,Rude Awakening
tt0098258,20781385,733811,21515196,Say Anything...
tt0098260,8800000,0,8800000,Scandal
tt0098261,2156471,0,2156471,Scenes from the Class Struggle in Beverly Hills
tt0098273,58571513,52308000,110879513,Sea of Love
tt0098276,5368865,0,5368865,Second Sight
tt0098282,46908987,0,46908987,"See No Evil, Hear No Evil"
tt0098283,4795009,0,4795009,See You in the Morning
tt0098300,6957975,0,6957975,Shag
tt0098308,12065892,0,12065892,She's Out of Control
tt0098309,15351421,0,15351421,She-Devil
tt0098319,6056912,0,6056912,Shirley Valentine
tt0098320,16554699,0,16554699,Shocker
tt0098330,95836,0,95836,Signs of Life
tt0098335,2260616,0,2260616,Sing
tt0098343,19674852,0,19674852,Skin Deep
tt0098347,463972,0,463972,Slaves of New York
tt0098356,401421,0,401421,Some Girls
tt0098368,76609,0,76609,Speaking Parts
tt0098369,3077361,0,3077361,Cannonball Fever
tt0098375,50367,0,50367,Spontaneous Combustion
tt0098382,52210049,0,52210049,Star Trek V: The Final Frontier
tt0098383,4348025,0,4348025,Staying Together
tt0098384,84614512,12145000,96759512,Steel Magnolias
tt0098385,1519796,0,1519796,Stepfather II
tt0098390,741221,0,741221,The Story of Boys & Girls
tt0098394,764794,0,764794,Strapless
tt0098415,62683,0,62683,Survival Quest
tt0098436,510712,0,510712,The Tall Guy
tt0098439,63408614,0,63408614,Tango & Cash
tt0098442,9114702,0,9114702,Tap
tt0098453,27843,0,27843,Teen Witch
tt0098454,59405,0,59405,Ten Little Indians
tt0098465,518918,0,518918,"Thelonious Monk: Straight, No Chaser"
tt0098471,40586886,0,40586886,Three Fugitives
tt0098502,363561,0,363561,The Toxic Avenger Part III: The Last Temptation of Toxie
tt0098503,792966,0,792966,The Toxic Avenger Part II
tt0098513,408839,0,408839,Triumph of the Spirit
tt0098519,8508843,0,8508843,Troop Beverly Hills
tt0098520,1776440,0,1776440,Too Beautiful for You
tt0098524,8742750,0,8742750,True Believer
tt0098528,1354268,0,1354268,True Love
tt0098536,71079915,0,71079915,Turner & Hooch
tt0098546,6157157,0,6157157,UHF
tt0098554,66758538,12500000,79258538,Uncle Buck
tt0098557,147542,0,147542,Under the Boardwalk
tt0098575,1132112,0,1132112,Valmont
tt0098577,725131,0,725131,Vampire's Kiss
tt0098619,657190,0,657190,War Party
tt0098621,86888546,73300000,160188546,The War of the Roses
tt0098622,9094451,0,9094451,Warlock
tt0098625,10555348,0,10555348,We're No Angels
tt0098627,30218387,0,30218387,Weekend at Bernie's
tt0098631,1029822,0,1029822,Welcome Home
tt0098635,92823546,0,92823546,When Harry Met Sally...
tt0098638,73131,0,73131,When the Whales Came
tt0098645,10982364,0,10982364,Who's Harry Crumb?
tt0098659,2023282,0,2023282,Winter People
tt0098660,1089000,0,1089000,Wired
tt0098663,14278900,0,14278900,The Wizard
tt0098678,3690328,0,3690328,Worth Winning
tt0098724,24741667,0,24741667,"Sex, Lies, and Videotape"
tt0098725,938065,0,938065,Sweetie
tt0098966,71609321,0,71609321,Three Men and a Little Lady
tt0098987,21413502,0,21413502,The Adventures of Ford Fairlane
tt0098994,2678414,0,2678414,"After Dark, My Sweet"
tt0099005,31053601,2407668,33461269,Air America
tt0099012,7331647,0,7331647,Alice
tt0099018,6939946,0,6939946,Almost an Angel
tt0099028,269823,0,269823,American Dream
tt0099039,855810,0,855810,Angel Town
tt0099040,1054638,0,1054638,An Angel at My Table
tt0099044,80818974,72700000,153518974,Another 48 Hrs.
tt0099052,53208180,0,53208180,Arachnophobia
tt0099073,15740796,0,15740796,Avalon
tt0099077,52096475,0,52096475,Awakenings
tt0099088,87727583,156800000,244527583,Back to the Future Part III
tt0099091,12626043,0,12626043,Bad Influence
tt0099128,19740070,0,19740070,Betsy's Wedding
tt0099136,59227,0,59227,Crossing the Line
tt0099141,70978012,67719000,138697012,Bird on a Wire
tt0099155,1292323,0,1292323,Bloodfist II
tt0099160,8217997,0,8217997,Blue Steel
tt0099164,2415312,0,2415312,Body Chemistry
tt0099165,15691192,0,15691192,The Bonfire of the Vanities
tt0099166,1382259,0,1382259,Book of Love
tt0099173,1627955,0,1627955,Brain Dead
tt0099200,805472,0,805472,C'est la vie
tt0099204,27627310,0,27627310,Cadillac Man
tt0099242,259486,0,259486,Chattahoochee
tt0099250,85395,0,85395,Chicago Joe and the Showgirl
tt0099253,28501605,7262000,35763605,Child's Play 2
tt0099266,1477071,0,1477071,My Mother's Castle
tt0099277,2459895,0,2459895,Class of 1999
tt0099291,947306,0,947306,Come See the Paradise
tt0099292,1244381,0,1244381,The Comfort of Strangers
tt0099300,13623,0,13623,Convicts
tt0099305,1006575,0,1006575,Corporate Affairs
tt0099310,715983,0,715983,Coupe de Ville
tt0099316,13236513,0,13236513,Crazy People
tt0099327,1494969,0,1494969,A Cry in the Wild
tt0099329,8266343,0,8266343,Cry-Baby
tt0099334,5820020,0,5820020,Cyrano de Bergerac
tt0099341,1108429,0,1108429,Daddy Nostalgia
tt0099342,1373728,0,1373728,Daddy's Dyin'... Who's Got the Will?
tt0099348,184208848,240000000,424208848,Dances with Wolves
tt0099365,33878502,15000000,48878502,Darkman
tt0099371,82670733,75250000,157920733,Days of Thunder
tt0099385,16853487,0,16853487,Death Warrant
tt0099395,2218579,0,2218579,Def by Temptation
tt0099397,6413375,0,6413375,Defenseless
tt0099399,6698361,0,6698361,Delta Force 2: The Colombian Connection
tt0099409,2742912,0,2742912,Desperate Hours
tt0099422,103738726,59000000,162738726,Dick Tracy
tt0099423,117540947,122490147,240031094,Die Hard 2
tt0099450,1171762,0,1171762,The Boyfriend School
tt0099460,2346150,0,2346150,Downtown
tt0099472,18115724,0,18115724,DuckTales the Movie: Treasure of the Lost Lamp
tt0099480,2100538,0,2100538,Eating
tt0099487,56362352,29661653,86024005,Edward Scissorhands
tt0099512,25029569,0,25029569,Ernest Goes to Jail
tt0099520,1372350,0,1372350,Everybody Wins
tt0099528,26098824,12925427,39024251,The Exorcist III
tt0099558,10405394,0,10405394,Armour of God 2: Operation Condor
tt0099566,1494399,0,1494399,The Field
tt0099575,14760451,0,14760451,Fire Birds
tt0099578,22424195,0,22424195,The First Power
tt0099581,6488114,0,6488114,Flashback
tt0099582,61489265,0,61489265,Flatliners
tt0099587,14587732,0,14587732,Flight of the Intruder
tt0099594,83490,0,83490,Fools of Fortune
tt0099595,1823154,0,1823154,The Forbidden Dance
tt0099606,1305887,0,1305887,The Fourth War
tt0099611,205068,0,205068,Frankenhooker
tt0099612,334748,0,334748,Roger Corman's Frankenstein Unbound
tt0099615,21460601,0,21460601,The Freshman
tt0099623,8141292,0,8141292,Funny About Love
tt0099636,2032973,0,2032973,Gate 2: The Trespassers
tt0099653,217631306,288071282,505702588,Ghost
tt0099654,24707633,714000,25421633,Ghost Dad
tt0099669,1730856,0,1730856,My Father's Glory
tt0099674,66666062,70100000,136766062,The Godfather: Part III
tt0099685,46836214,0,46836214,Goodfellas
tt0099691,4562778,0,4562778,Graffiti Bridge
tt0099697,11582891,0,11582891,Graveyard Shift
tt0099699,29888235,0,29888235,Green Card
tt0099700,41482207,0,41482207,Gremlins 2: The New Batch
tt0099703,13446769,0,13446769,The Grifters
tt0099710,17037887,0,17037887,The Guardian
tt0099726,20710451,0,20710451,Hamlet
tt0099731,4960385,0,4960385,The Handmaid's Tale
tt0099733,3299382,0,3299382,Happily Ever After
tt0099739,47410827,0,47410827,Hard to Kill
tt0099740,5728953,0,5728953,Hardware
tt0099743,1547867,0,1547867,The Haunting of Morella
tt0099747,9243140,0,9243140,Havana
tt0099750,4134992,0,4134992,Heart Condition
tt0099762,11567449,11905000,23472449,Henry & June
tt0099763,609939,0,609939,Henry: Portrait of a Serial Killer
tt0099768,1030938,0,1030938,Hidden Agenda
tt0099776,5575738,0,5575738,Europa Europa
tt0099785,285761243,190923432,476684675,Home Alone
tt0099797,1293976,0,1293976,The Hot Spot
tt0099800,26385627,0,26385627,House Party
tt0099810,122012643,78500000,200512643,The Hunt for Red October
tt0099816,15104156,0,15104156,Shipwrecked
tt0099817,4348368,0,4348368,Dark Angel
tt0099819,16186793,0,16186793,I Love You to Death
tt0099832,2544504,0,2544504,Impulse
tt0099850,27734391,0,27734391,Internal Affairs
tt0099857,356077,0,356077,Iron & Silk
tt0099871,26118851,0,26118851,Jacob's Ladder
tt0099878,20305841,0,20305841,Jetsons: The Movie
tt0099892,39404261,0,39404261,Joe Versus the Volcano
tt0099902,1986433,0,1986433,Ju Dou
tt0099938,91457688,110500000,201957688,Kindergarten Cop
tt0099939,2554476,0,2554476,King of New York
tt0099951,2060847,0,2060847,The Krays
tt0099969,4263112,0,4263112,Lambada
tt0099991,1531489,0,1531489,The Last of the Finest
tt0099994,5765562,0,5765562,Leatherface: Texas Chainsaw Massacre III
tt0100003,3473905,0,3473905,The Lemon Sisters
tt0100024,1516414,0,1516414,Life Is Sweet
tt0100029,24078196,193000,24271196,Lionheart
tt0100031,4347648,0,4347648,Lisa
tt0100046,4873620,0,4873620,The Long Walk Home
tt0100049,4609953,0,4609953,Longtime Companion
tt0100050,47789074,0,47789074,Look Who's Talking Too
tt0100053,5585154,0,5585154,Loose Cannons
tt0100054,13985225,0,13985225,Lord of the Flies
tt0100065,1436308,0,1436308,Love at Large
tt0100100,92706,0,92706,A Man Called Sarge
tt0100112,1217084,0,1217084,The Hairdresser's Husband
tt0100114,46044396,11924540,57968936,Marked for Death
tt0100116,129778,0,129778,Martians Go Home
tt0100129,485772,0,485772,Meet the Applegates
tt0100133,27441977,0,27441977,Memphis Belle
tt0100134,6070725,0,6070725,Men Don't Leave
tt0100135,16247964,0,16247964,Men at Work
tt0100140,35419397,0,35419397,Mermaids
tt0100142,2960492,0,2960492,Metropolitan
tt0100143,9888167,0,9888167,Miami Blues
tt0100150,5080409,0,5080409,Miller's Crossing
tt0100151,774048,0,774048,Mindwalk
tt0100157,61276872,0,61276872,Misery
tt0100168,16153593,0,16153593,Mo' Better Blues
tt0100196,4011793,0,4011793,Mountains of the Moon
tt0100200,7698010,0,7698010,Mr. & Mrs. Bridge
tt0100201,15379253,0,15379253,Mr. Destiny
tt0100211,6263883,0,6263883,Music Box
tt0100212,23591472,0,23591472,My Blue Heaven
tt0100222,81777,0,81777,Naked Tango
tt0100224,10873237,0,10873237,Narrow Margin
tt0100232,25069101,0,25069101,Navy Seals
tt0100240,17373527,0,17373527,The NeverEnding Story II: The Next Chapter
tt0100254,166635,0,166635,Night Visitor
tt0100258,5835247,0,5835247,Night of the Living Dead
tt0100260,8862354,0,8862354,Nightbreed
tt0100263,5017971,0,5017971,La Femme Nikita
tt0100275,3624,0,3624,The Wandering Soap Opera
tt0100280,10959015,0,10959015,Nuns on the Run
tt0100281,1781694,0,1781694,The Nutcracker Prince
tt0100301,11359129,0,11359129,Opportunity Knocks
tt0100317,577701,0,577701,Overexposed
tt0100318,29381956,15544750,44926706,Pacific Heights
tt0100330,7991,0,7991,Paper Mask
tt0100332,3779620,0,3779620,Paris Is Burning
tt0100389,123470,0,123470,Open Doors
tt0100395,39071603,0,39071603,Postcards from the Edge
tt0100403,30669413,26450905,57120318,Predator 2
tt0100404,86303188,135000000,221303188,Presumed Innocent
tt0100405,178406268,285000000,463406268,Pretty Woman
tt0100414,52654,0,52654,Prisoners of the Sun
tt0100419,53470891,18800000,72270891,Problem Child
tt0100436,11541758,0,11541758,Pump Up the Volume
tt0100442,11207891,0,11207891,Q & A
tt0100449,15260154,0,15260154,Quick Change
tt0100468,13136,0,13136,Red Surf
tt0100469,17042,0,17042,The Reflecting Skin
tt0100470,261718,0,261718,Journey of Hope
tt0100475,1382462,0,1382462,Repossessed
tt0100477,27931461,0,27931461,The Rescuers Down Under
tt0100480,610402,0,610402,The Return of Superfly
tt0100485,15645616,0,15645616,Revenge
tt0100486,15445131,0,15445131,Reversal of Fortune
tt0100488,561000,0,561000,Rich Girl
tt0100491,295444,0,295444,Riff-Raff
tt0100502,45681173,0,45681173,RoboCop 2
tt0100507,40946358,79000000,119946358,Rocky V
tt0100514,21633874,0,21633874,The Rookie
tt0100519,739104,0,739104,Rosencrantz & Guildenstern Are Dead
tt0100530,22997992,0,22997992,The Russia House
tt0100557,2281569,0,2281569,The Nasty Girl
tt0100594,2075084,0,2075084,The Sheltering Sky
tt0100602,3417056,0,3417056,A Shock to the System
tt0100604,4010647,0,4010647,Short Time
tt0100606,91578,0,91578,A Show of Force
tt0100611,17854933,0,17854933,Sibling Rivalry
tt0100631,8533973,0,8533973,Ski Patrol
tt0100639,1242995,0,1242995,Slumber Party Massacre III
tt0100666,15369573,0,15369573,Spaced Invaders
tt0100670,52310,0,52310,The Spirit of '76
tt0100680,5820015,0,5820015,Stanley & Iris
tt0100681,1745470,0,1745470,Everybody's Fine
tt0100684,421,0,421,State Park
tt0100685,1911542,0,1911542,State of Grace
tt0100691,20240128,0,20240128,Stella
tt0100707,1510053,0,1510053,Streets
tt0100708,541626,0,541626,Strike It Rich
tt0100740,16324573,0,16324573,Tales from the Darkside: The Movie
tt0100747,604624,0,604624,Auntie Danielle
tt0100758,135265915,66700000,201965915,Teenage Mutant Ninja Turtles
tt0100774,717772,0,717772,Thousand Pieces of Gold
tt0100791,1161135,0,1161135,To Sleep with Anger
tt0100802,119412921,141905000,261317921,Total Recall
tt0100814,16667084,0,16667084,Tremors
tt0100822,1794001,0,1794001,Tune in Tomorrow...
tt0100827,349618,0,349618,Two Evil Eyes
tt0100828,10005969,0,10005969,The Two Jakes
tt0100873,2231274,0,2231274,Vincent & Theo
tt0100879,1224605,0,1224605,Vital Signs
tt0100899,808690,0,808690,Waiting for the Light
tt0100905,232981,0,232981,Weapons of the Spirit
tt0100911,3989297,0,3989297,"Welcome Home, Roxy Carmichael"
tt0100924,1106475,0,1106475,Where the Heart Is
tt0100928,2319124,0,2319124,White Hunter Black Heart
tt0100930,2343,0,2343,Who Shot Pat?
tt0100931,83882,0,83882,Why Me?
tt0100934,11060485,0,11060485,Wild Orchid
tt0100935,14560247,0,14560247,Wild at Heart
tt0100944,10360553,0,10360553,The Witches
tt0100946,1218730,0,1218730,Without You I'm Nothing
tt0100994,44143410,0,44143410,Young Guns II
tt0100998,1963207,0,1963207,Dreams
tt0101026,4087361,0,4087361,Tie Me Up! Tie Me Down!
tt0101252,2120564,0,2120564,29th Street
tt0101254,922872,0,922872,35 Up
tt0101258,146310,42320,188630,Days of Being Wild
tt0101272,113502426,78000000,191502426,The Addams Family
tt0101273,396573,0,396573,The Adjuster
tt0101276,53932,0,53932,Afraid of the Dark
tt0101301,14812144,0,14812144,All I Want for Christmas
tt0101316,4899194,0,4899194,The Lover
tt0101317,1407309,0,1407309,Lovers: A True Story
tt0101318,29679,0,29679,The Lovers on the Bridge
tt0101324,23034,0,23034,American Friends
tt0101326,358047,0,358047,American Ninja 4: The Annihilation
tt0101329,22166041,18600000,40766041,An American Tail: Fievel Goes West
tt0101356,2865916,0,2865916,Another You
tt0101358,1002078,0,1002078,Screenplay: Antonia and Jane
tt0101371,6375979,0,6375979,Article 99
tt0101373,1345903,0,1345903,At Play in the Fields of the Lord
tt0101393,77868585,74500000,152368585,Backdraft
tt0101404,184890,0,184890,The Ballad of the Sad Cafe
tt0101410,6153939,0,6153939,Barton Fink
tt0101412,869325,0,869325,Beastmaster 2: Through the Portal of Time
tt0101414,218967620,206740706,425708326,Beauty and the Beast
tt0101416,272931,0,272931,Becoming Colette
tt0101428,403056,0,403056,La Belle Noiseuse
tt0101444,271327,0,271327,Big Girls Don't Cry... They Get Even
tt0101452,38037513,0,38037513,Bill & Ted's Bogus Journey
tt0101453,15565363,0,15565363,Billy Bathgate
tt0101455,8667684,0,8667684,Bingo
tt0101458,829625,0,829625,Until the End of the World
tt0101465,8211952,0,8211952,Black Robe
tt0101478,8780,0,8780,Blood and Concrete
tt0101481,35154,0,35154,Bloodfist III: Forced to Fight
tt0101492,9188150,0,9188150,Body Parts
tt0101507,57504069,0,57504069,Boyz n the Hood
tt0101510,158243,0,158243,Bright Angel
tt0101516,49114016,0,49114016,Bugsy
tt0101523,9689816,0,9689816,The Butcher's Wife
tt0101524,6220,0,6220,By the Sword
tt0101529,789127,0,789127,Cabeza de Vaca
tt0101531,2070871,0,2070871,Cadence
tt0101540,79091969,103200000,182291969,Cape Fear
tt0101545,11336986,0,11336986,Career Opportunities
tt0101578,4212828,0,4212828,China Cry: A True Story
tt0101587,124033791,55000000,179033791,City Slickers
tt0101588,1345015,0,1345015,City of Hope
tt0101590,24277858,4000060,28277918,Class Action
tt0101595,135893,0,135893,Close My Eyes
tt0101597,259012,0,259012,Closet Land
tt0101605,14919570,0,14919570,The Commitments
tt0101606,1501785,0,1501785,Company Business
tt0101615,1193062,0,1193062,Cool as Ice
tt0101625,8669847,0,8669847,Once Upon a Crime...
tt0101629,30964,0,30964,Crooked Hearts
tt0101635,33691313,0,33691313,Curly Sue
tt0101640,2603061,0,2603061,Raise the Red Lantern
tt0101658,450501,0,450501,Danzï¿½
tt0101660,28654,0,28654,The Dark Backward
tt0101669,38016380,0,38016380,Dead Again
tt0101694,28738096,0,28738096,Deceived
tt0101695,5868,0,5868,December
tt0101698,16371128,0,16371128,Defending Your Life
tt0101700,1794187,0,1794187,Delicatessen
tt0101701,5546827,0,5546827,Delirious
tt0101725,31815,0,31815,Diary of a Hitman
tt0101726,637327,0,637327,Dice Rules
tt0101745,54830779,0,54830779,Doc Hollywood
tt0101746,38120905,0,38120905,The Doctor
tt0101748,394631,0,394631,Dogfight
tt0101753,442676,0,442676,Especially on Sunday
tt0101757,25196249,0,25196249,Don't Tell Mom the Babysitter's Dead
tt0101761,34416893,0,34416893,The Doors
tt0101764,30102717,0,30102717,Double Impact
tt0101765,1999955,3011,2002966,The Double Life of Vï¿½ï¿½ï¿½
tt0101773,15084,0,15084,Drive
tt0101775,13878334,0,13878334,Drop Dead Fred
tt0101786,4603929,0,4603929,Dutch
tt0101787,33669178,48595497,82264675,Dying Young
tt0101798,699264,6229,705493,Edward II
tt0101811,13200170,0,13200170,Enchanted April
tt0101821,14143280,0,14143280,Ernest Scared Stupid
tt0101829,1007001,0,1007001,Europa
tt0101831,5451119,0,5451119,Eve of Destruction
tt0101846,21082165,0,21082165,F/X2
tt0101862,89325780,0,89325780,Father of the Bride
tt0101889,41895491,0,41895491,The Fisher King
tt0101891,8750400,0,8750400,The Five Heartbeats
tt0101898,2415396,0,2415396,Flirting
tt0101902,17860280,5342164,23202444,For the Boys
tt0101912,22773535,0,22773535,Frankie and Johnny
tt0101917,34872033,0,34872033,Freddy's Dead
tt0101921,82418501,37000000,119418501,Fried Green Tomatoes
tt0101969,33243020,7748309,40991329,Grand Canyon
tt0101984,9480198,0,9480198,Guilty by Suspicion
tt0101991,516431,0,516431,Rhapsody in August
tt0101998,532933,0,532933,Hangin' with the Homeboys
tt0102002,306319,0,306319,Hard Promises
tt0102004,25895485,39700000,65595485,The Hard Way
tt0102005,7434726,0,7434726,Harley Davidson and the Marlboro Man
tt0102011,9804775,0,9804775,"He Said, She Said"
tt0102014,4313473,0,4313473,Hear My Song
tt0102015,1318449,0,1318449,Hearts of Darkness: A Filmmaker's Apocalypse
tt0102032,904,0,904,High Strung
tt0102034,15556340,0,15556340,Highlander II: The Quickening
tt0102045,4654288,0,4654288,The Hitman
tt0102048,2971661,0,2971661,Homicide
tt0102050,516517,0,516517,Voyager
tt0102057,119654823,181200000,300854823,Hook
tt0102059,69467617,111628547,181096164,Hot Shots!
tt0102065,19438638,0,19438638,House Party 2
tt0102070,17218080,0,17218080,Hudson Hawk
tt0102095,7788597,0,7788597,If Looks Could Kill
tt0102103,4076211,0,4076211,Impromptu
tt0102116,191125,0,191125,The Indian Runner
tt0102137,12876,0,12876,J'entends plus la guitare
tt0102138,70405498,135000000,205405498,JFK
tt0102164,626057,0,626057,Johnny Stecchino
tt0102174,15706,0,15706,Jumpin' at the Boneyard
tt0102175,32482682,11400000,43882682,Jungle Fever
tt0102178,3106559,0,3106559,K2
tt0102181,1059071,0,1059071,Kafka
tt0102202,1250712,0,1250712,Kickboxer 2: The Road Back
tt0102216,34002045,18485000,52487045,King Ralph
tt0102220,15429177,0,15429177,A Kiss Before Dying
tt0102250,28862081,0,28862081,L.A. Story
tt0102266,59509925,0,59509925,The Last Boy Scout
tt0102279,8906823,0,8906823,Late for Dinner
tt0102288,88686,0,88686,Let Him Have It
tt0102299,133645,0,133645,Liebestraum
tt0102303,4102526,0,4102526,Life Stinks
tt0102307,1050861,5126,1055987,Light Sleeper
tt0102315,776699,0,776699,Listen Up: The Lives of Quincy Jones
tt0102316,25010896,0,25010896,Little Man Tate
tt0102322,5467959,0,5467959,Livin' Large!
tt0102328,170667,0,170667,London Kills Me
tt0102340,2287928,0,2287928,Love Crimes
tt0102343,754935,0,754935,Love Potion No. 9
tt0102360,26662,0,26662,Lyrisch nitraat
tt0102368,1942423,0,1942423,Madame Bovary
tt0102370,15012935,14000000,29012935,Madonna: Truth or Dare
tt0102388,2853801,0,2853801,The Man in the Moon
tt0102395,3752428,0,3752428,Mannequin: On the Move
tt0102411,12454768,0,12454768,The Marrying Man
tt0102422,456127,0,456127,McBain
tt0102426,4532791,0,4532791,Mediterraneo
tt0102428,1000348,0,1000348,Meeting Venus
tt0102432,139155,0,139155,Men of Respect
tt0102443,1526697,0,1526697,A Midnight Clear
tt0102450,835519,0,835519,The Miracle
tt0102456,7308786,0,7308786,Mississippi Masala
tt0102458,1464242,0,1464242,Mister Johnson
tt0102460,20246790,0,20246790,Mobsters
tt0102467,311245,0,311245,Monster in a Box
tt0102469,18784957,0,18784957,Mortal Thoughts
tt0102492,59489799,0,59489799,My Girl
tt0102493,3603615,0,3603615,My Heroes Have Always Been Cowboys
tt0102494,6401336,0,6401336,My Own Private Idaho
tt0102500,6166819,0,6166819,Mystery Date
tt0102510,86930411,0,86930411,The Naked Gun 2ï¿½ï¿½ï¿½ï¿½ï¿½ï¿½ï¿½
tt0102511,2641357,0,2641357,Naked Lunch
tt0102517,26255594,0,26255594,Necessary Roughness
tt0102526,47624353,0,47624353,New Jack City
tt0102536,2015810,0,2015810,Night on Earth
tt0102555,14789113,0,14789113,Not Without My Daughter
tt0102558,8479793,0,8479793,Nothing But Trouble
tt0102566,6397,0,6397,Night and Day
tt0102573,5136759,0,5136759,The Object of Beauty
tt0102583,1154476,0,1154476,"Olivier, Olivier"
tt0102587,453243,72715,525958,Only Yesterday
tt0102590,14851083,0,14851083,Once Around
tt0102592,1543112,0,1543112,One False Move
tt0102593,11276846,0,11276846,One Good Cop
tt0102598,21830957,3261845,25092802,Only the Lonely
tt0102603,23562716,0,23562716,Oscar
tt0102609,25682090,0,25682090,Other People's Money
tt0102614,39673161,0,39673161,Out for Justice
tt0102619,14513,0,14513,Oxen
tt0102631,18634643,0,18634643,Paradise
tt0102655,14061361,0,14061361,The Perfect Weapon
tt0102685,43218387,40313571,83531958,Point Break
tt0102687,787280,0,787280,Poison
tt0102690,4205000,0,4205000,Popcorn
tt0102691,582510,0,582510,The Pope Must Diet
tt0102713,74787599,0,74787599,The Prince of Tides
tt0102719,25104700,7600000,32704700,Problem Child 2
tt0102721,524668,0,524668,Proof
tt0102722,1750301,0,1750301,Prospero's Books
tt0102729,22641969,2300000,24941969,Pure Luck
tt0102741,612781,0,612781,Queens Logic
tt0102744,21413105,0,21413105,Quigley Down Under
tt0102749,10438504,0,10438504,A Rage in Harlem
tt0102750,1696066,0,1696066,The Rain Killer
tt0102753,6266621,0,6266621,Rambling Rose
tt0102757,1277404,0,1277404,The Rapture
tt0102768,43001500,0,43001500,Regarding Henry
tt0102777,7867,0,7867,Resident Alien
tt0102782,2807854,0,2807854,Return to the Blue Lagoon
tt0102789,21756163,0,21756163,Ricochet
tt0102798,165493908,225000000,390493908,Robin Hood: Prince of Thieves
tt0102800,1272977,0,1272977,Robot Jox
tt0102802,11657385,0,11657385,Rock-A-Doodle
tt0102803,46704056,0,46704056,The Rocketeer
tt0102817,15675,0,15675,Rubin and Ed
tt0102818,4409328,0,4409328,Run
tt0102820,7241350,0,7241350,Rush
tt0102829,37484,0,37484,Salmonberries
tt0102849,9563393,0,9563393,Scenes from a Mall
tt0102860,2368,0,2368,Scissors
tt0102864,579854,0,579854,The Search for Signs of Intelligent Life in the Universe
tt0102888,530392,0,530392,"Sex, Drugs, Rock & Roll"
tt0102895,55166,0,55166,Shadow of China
tt0102898,115103,0,115103,Shakes the Clown
tt0102900,11511031,0,11511031,Shattered
tt0102913,3547684,0,3547684,Shout
tt0102915,2275557,0,2275557,Showdown in Little Tokyo
tt0102926,130742922,142000000,272742922,The Silence of the Lambs
tt0102940,18476,0,18476,Ski School
tt0102943,1228108,0,1228108,Slacker
tt0102945,101599005,73400000,174999005,Sleeping with the Enemy
tt0102951,36489888,0,36489888,Soapdish
tt0102958,9915,0,9915,Sï¿½ï¿½ï¿½ï¿½ï¿½ï¿½
tt0102966,1268529,0,1268529,Spike & Mike's Festival of Animation Volume 1
tt0102969,179469,0,179469,The Efficiency Expert
tt0102975,74888996,22000000,96888996,Star Trek VI: The Undiscovered Country
tt0102979,246000,0,246000,Stepping Out
tt0102984,9151887,0,9151887,Stone Cold
tt0102989,2712293,0,2712293,Straight Out of Brooklyn
tt0102996,7683267,0,7683267,Strictly Business
tt0103003,6948859,0,6948859,Suburban Commando
tt0103007,11000863,0,11000863,The Super
tt0103015,382510,0,382510,Sweet Talker
tt0103016,15545943,0,15545943,Switch
tt0103030,1710057,0,1710057,High Heels
tt0103035,20005435,0,20005435,Taking Care of Business
tt0103036,336396,0,336396,Talent for the Game
tt0103039,978775,0,978775,Talkin' Dirty After Dark
tt0103055,16497,0,16497,A Fine Romance
tt0103060,78656813,0,78656813,Teenage Mutant Ninja Turtles II: The Secret of the Ooze
tt0103064,205881154,315000000,520881154,Terminator 2: Judgment Day
tt0103069,2268181,0,2268181,Texasville
tt0103074,45360915,0,45360915,Thelma & Louise
tt0103105,1228153,0,1228153,Toto the Hero
tt0103110,3089497,0,3089497,Tous les matins du monde
tt0103112,15073942,0,15073942,Toy Soldiers
tt0103125,418807,0,418807,True Colors
tt0103128,4693236,0,4693236,True Identity
tt0103129,1554742,0,1554742,Truly Madly Deeply
tt0103130,356122,0,356122,Trust
tt0103141,778535,0,778535,Turtle Beach
tt0103143,256521,0,256521,Twenty-One
tt0103157,1159578,0,1159578,The Unborn
tt0103176,377832,0,377832,Close to Eden
tt0103184,11128309,0,11128309,V.I. Warshawski
tt0103190,193205,0,193205,Van Gogh
tt0103223,78144,0,78144,To Want to Fly
tt0103241,63707829,0,63707829,What About Bob?
tt0103243,1403033,0,1403033,Where Angels Fear to Tread
tt0103247,34793160,0,34793160,White Fang
tt0103251,17487531,0,17487531,White Palace
tt0103253,1008404,0,1008404,Whore
tt0103262,7294835,0,7294835,Wild Hearts Can't Be Broken
tt0103303,1182273,0,1182273,Year of the Gun
tt0103312,225664,0,225664,Young Soul Rebels
tt0103594,7191399,0,7191399,1492: Conquest of Paradise
tt0103596,29000301,0,29000301,3 Ninjas
tt0103616,769983,0,769983,The Accompanist
tt0103617,2517600,0,2517600,Aces: Iron Eagle III
tt0103625,97552,0,97552,On Guard
tt0103639,217350219,286700000,504050219,Aladdin
tt0103644,55473545,104340953,159814498,Alienï¿
tt0103670,384048,0,384048,American Heart
tt0103671,13086430,0,13086430,American Me
tt0103747,17530973,2400000,19930973,The Babe
tt0103759,2000022,19447,2019469,Bad Lieutenant
tt0103767,1332110,0,1332110,Baraka
tt0103772,117727224,235200000,352927224,Basic Instinct
tt0103776,162902340,104000713,266903053,Batman Returns
tt0103783,8442162,0,8442162,Bï¿½ï¿½ï¿½ï¿½
tt0103784,44947,0,44947,Bed & Breakfast
tt0103786,57114049,90100000,147214049,Beethoven
tt0103791,5418216,0,5418216,Belle Epoque
tt0103800,58099,0,58099,Betty
tt0103827,3104545,0,3104545,Blame It on the Bellboy
tt0103838,93292,0,93292,The Inner Circle
tt0103850,4479470,0,4479470,Bob Roberts
tt0103855,122006740,289000000,411006740,The Bodyguard
tt0103859,70052444,61000000,131052444,Boomerang
tt0103872,918239,0,918239,Brain Donors
tt0103873,242623,0,242623,Dead Alive
tt0103874,82522790,133339902,215862692,Bram Stoker's Dracula
tt0103877,52285,0,52285,Breaking the Rules
tt0103882,2279692,0,2279692,A Brief History of Time
tt0103888,1305915,0,1305915,Brother's Keeper
tt0103893,16624456,0,16624456,Buffy the Vampire Slayer
tt0103905,205569,0,205569,Man Bites Dog
tt0103919,25792310,0,25792310,Candyman
tt0103924,22518097,0,22518097,Captain Ron
tt0103935,28791,0,28791,Rebels of the Neon God
tt0103939,9493259,0,9493259,Chaplin
tt0103947,2323,0,2323,Cheap Shots
tt0103956,14960255,5600000,20560255,Child's Play 3
tt0103962,8251071,0,8251071,Christopher Columbus: The Discovery
tt0103976,14683921,0,14683921,City of Joy
tt0103978,13272113,0,13272113,Class Act
tt0103982,99219,0,99219,Cold Heaven
tt0103994,21665468,0,21665468,Like Water for Chocolate
tt0104006,21591728,0,21591728,Consenting Adults
tt0104008,23268,29163,52431,A Tale of Winter
tt0104009,14110589,0,14110589,Cool World
tt0104027,3052738,0,3052738,CrissCross
tt0104029,621392,0,621392,Cronos
tt0104030,479676,0,479676,Crossing the Bridge
tt0104033,107792,0,107792,Crush
tt0104036,62548947,0,62548947,The Crying Game
tt0104040,25105517,0,25105517,The Cutting Edge
tt0104057,1683422,6301,1689723,Daughters of the Dust
tt0104070,58422650,90600000,149022650,Death Becomes Her
tt0104073,16639799,0,16639799,Deep Cover
tt0104107,4836637,0,4836637,Diggstown
tt0104114,46666502,0,46666502,The Distinguished Gentleman
tt0104139,8403433,0,8403433,Dr. Giggles
tt0104187,40693477,0,40693477,Encino Man
tt0104201,279627,0,279627,Equinox
tt0104215,1152117,0,1152117,Excessive Force
tt0104225,231826,0,231826,Falling from Grace
tt0104231,58883840,78900000,137783840,Far and Away
tt0104237,7532911,0,7532911,Damage
tt0104240,6960,0,6960,Fathers & Sons
tt0104244,45488,0,45488,Feed
tt0104254,24650296,8060598,32710894,FernGully: The Last Rainforest
tt0104257,141340178,101900000,243240178,A Few Good Men
tt0104265,28590665,0,28590665,Final Analysis
tt0104283,6132924,0,6132924,Folks!
tt0104291,55956187,72000000,127956187,Forever Young
tt0104298,1119368,0,1119368,Freddie as F.R.O.7.
tt0104299,17129026,0,17129026,Freejack
tt0104321,1342613,0,1342613,Gas Food Lodging
tt0104346,9223441,0,9223441,Gladiator
tt0104348,10725228,0,10725228,Glengarry Glen Ross
tt0104350,1253106,0,1253106,The Best Intentions
tt0104376,3721911,0,3721911,The Gun in Betty Lou's Handbag
tt0104377,114516,0,114516,Guncrazy
tt0104389,88036683,0,88036683,The Hand That Rocks the Cradle
tt0104401,2610686,0,2610686,Heathcliff: The Movie
tt0104409,12534961,0,12534961,Hellraiser III: Hell on Earth
tt0104412,19507345,0,19507345,Hero
tt0104418,26055,0,26055,Highway to Hell
tt0104427,24276506,5025615,29302121,Hoffa
tt0104431,173585516,185409334,358994850,Home Alone 2: Lost in New York
tt0104437,58662452,0,58662452,"Honey, I Blew Up the Kid"
tt0104438,35208854,0,35208854,Honeymoon in Vegas
tt0104452,58500635,36400000,94900635,HouseSitter
tt0104454,26126837,189711,26316548,Howards End
tt0104466,10555619,0,10555619,Husbands and Wives
tt0104503,256249,0,256249,In the Soup
tt0104504,536848,0,536848,Incident at Oglala
tt0104507,5603158,0,5603158,Indochine
tt0104511,4943279,0,4943279,Innocent Blood
tt0104521,641886,0,641886,Into the Sun
tt0104522,4790801,0,4790801,Into the West
tt0104549,11390479,0,11390479,Jennifer 8
tt0104558,16270600,0,16270600,Police Story 3: Supercop
tt0104567,90091,0,90091,Johnny Suede
tt0104573,20146880,0,20146880,Juice
tt0104575,479169,0,479169,Just Another Girl on the I.R.T.
tt0104627,923418,0,923418,Knight Moves
tt0104647,21142815,0,21142815,Kuffs
tt0104658,28540,0,28540,L.627
tt0104663,931280,0,931280,The Stolen Children
tt0104670,14796494,0,14796494,Ladybugs
tt0104685,831578,0,831578,The Last Days of Chez Nous
tt0104691,75505856,0,75505856,The Last of the Mohicans
tt0104692,32100816,0,32100816,The Lawnmower Man
tt0104694,107533928,24906141,132440069,A League of Their Own
tt0104695,23369283,0,23369283,Leap of Faith
tt0104697,1514114,0,1514114,Leaving Normal
tt0104714,144731527,177000000,321731527,Lethal Weapon 3
tt0104740,1368000,0,1368000,Little Nemo: Adventures in Slumberland
tt0104745,692585,0,692585,The Living End
tt0104753,22765,0,22765,The Long Day Closes
tt0104756,7286388,0,7286388,Lorenzo's Oil
tt0104765,1014726,0,1014726,Love Field
tt0104774,99707,0,99707,A Place in the World
tt0104779,1862805,0,1862805,Bitter Moon
tt0104782,611703,0,611703,Lï¿½ï¿
tt0104783,39437,0,39437,Mac
tt0104797,48169910,0,48169910,Malcolm X
tt0104802,6742168,0,6742168,The Mambo Kings
tt0104804,4096030,0,4096030,Man Trouble
tt0104812,2806881,0,2806881,Map of the Human Heart
tt0104815,2040920,0,2040920,El Mariachi
tt0104839,45500797,0,45500797,Medicine Man
tt0104850,14358033,0,14358033,Memoirs of an Invisible Man
tt0104868,50752337,0,50752337,The Mighty Ducks
tt0104892,1102469,0,1102469,Mistress
tt0104897,40227006,0,40227006,Mo' Money
tt0104905,2034470,0,2034470,Mom and Dad Save the World
tt0104922,10535,0,10535,Motorama
tt0104926,20883046,0,20883046,Mr. Baseball
tt0104928,13351357,0,13351357,Mr. Saturday Night
tt0104940,27281507,4598076,31879583,The Muppet Christmas Carol
tt0104952,52929168,11159384,64088552,My Cousin Vinny
tt0104954,169600,0,169600,My New Gun
tt0104990,2819485,0,2819485,Newsies
tt0105001,6202756,0,6202756,Night and the City
tt0105009,135004,0,135004,No Place to Hide
tt0105017,2280148,0,2280148,Noises Off...
tt0105032,662341,0,662341,Savage Nights
tt0105046,5471088,0,5471088,Of Mice and Men
tt0105063,690966,0,690966,The Opposite Sex and How to Live with Them
tt0105078,1659542,0,1659542,Out on a Limb
tt0105089,309596,0,309596,The Panama Deception
tt0105096,272750,0,272750,Paraï¿½ï¿½ï¿½ï¿½
tt0105103,4030793,0,4030793,Passed Away
tt0105104,44065653,0,44065653,Passenger 57
tt0105107,4814619,0,4814619,Passion Fish
tt0105109,267265,0,267265,Pastime
tt0105112,83351587,94700000,178051587,Patriot Games
tt0105121,24204154,7143000,31347154,The People Under the Stairs
tt0105128,17092453,0,17092453,Pet Sematary II
tt0105130,4058564,0,4058564,Peter's Friends
tt0105150,4906900,0,4906900,The Playboys
tt0105151,21706101,0,21706101,The Player
tt0105156,1829804,0,1829804,Poison Ivy
tt0105159,2827107,0,2827107,The Power of One
tt0105165,20006730,2690961,22697691,Prelude to a Kiss
tt0105187,3067917,0,3067917,The Public Eye
tt0105191,15164458,0,15164458,Pure Country
tt0105197,1890247,0,1890247,The Story of Qiu Ju
tt0105211,4651977,0,4651977,Radio Flyer
tt0105217,21370057,15800000,37170057,Raising Cain
tt0105219,14356479,0,14356479,Rapid Fire
tt0105226,2502551,0,2502551,Red Rock West
tt0105236,2832029,0,2832029,Reservoir Dogs
tt0105256,2149866,0,2149866,Rich in Love
tt0105265,43440294,0,43440294,A River Runs Through It
tt0105267,147724,0,147724,Roadside Prophets
tt0105275,175340,0,175340,Romper Stomper
tt0105291,919286,0,919286,Ruby
tt0105316,7306242,0,7306242,Sarafina!
tt0105323,63095253,71000000,134095253,Scent of a Woman
tt0105327,14715067,0,14715067,School Ties
tt0105377,1434174,0,1434174,Shadow of the Wolf
tt0105378,2735731,0,2735731,Shadows and Fog
tt0105391,21633781,22204457,43838238,Shining Through
tt0105399,8359717,0,8359717,The Twin Dragons
tt0105402,17180393,0,17180393,Sidekicks
tt0105411,141554,0,141554,Simple Men
tt0105414,48017402,0,48017402,Single White Female
tt0105415,18471850,0,18471850,Singles
tt0105417,139605150,92000000,231605150,Sister Act
tt0105428,30524763,0,30524763,Sleepwalkers
tt0105435,51432691,53800000,105232691,Sneakers
tt0105450,1373196,0,1373196,South Central
tt0105459,5430822,0,5430822,Split Second
tt0105466,10736401,0,10736401,Stay Tuned
tt0105477,28411210,42200000,70611210,Stop! Or My Mom Will Shoot
tt0105480,422503,0,422503,Storyville
tt0105481,21202099,0,21202099,Straight Talk
tt0105483,12282994,0,12282994,A Stranger Among Us
tt0105488,11738022,0,11738022,Strictly Ballroom
tt0105526,939277,0,939277,The Taking of Beverly Hills
tt0105562,215500,0,215500,Terminal Bliss
tt0105572,20194,0,20194,That Night
tt0105577,2922094,0,2922094,This Is My Life
tt0105585,22660758,0,22660758,Thunderheart
tt0105616,3560469,0,3560469,Tom and Jerry: The Movie
tt0105622,277845,0,277845,Tokyo Decadence
tt0105629,23278931,0,23278931,Toys
tt0105631,3206714,0,3206714,Traces of Red
tt0105636,13249535,0,13249535,Trespass
tt0105652,152322,0,152322,Pushing Hands
tt0105665,4160851,0,4160851,Twin Peaks: Fire Walk with Me
tt0105667,36875,0,36875,Twist
tt0105682,1605437,0,1605437,Un Coeur en Hiver
tt0105690,83563139,73000000,156563139,Under Siege
tt0105691,221295,0,221295,Under Suspicion
tt0105695,101157447,58000000,159157447,Unforgiven
tt0105698,36299898,0,36299898,Universal Soldier
tt0105699,57138719,0,57138719,Unlawful Entry
tt0105706,17957265,0,17957265,Used People
tt0105719,5900,0,5900,The Vagrant
tt0105764,799856,0,799856,Visions of Light
tt0105789,1723319,0,1723319,The Waterdance
tt0105790,1100218,0,1100218,Waterland
tt0105793,121697323,61400000,183097323,Wayne's World
tt0105807,3514,0,3514,When the Party's Over
tt0105810,390152,0,390152,Where the Day Takes You
tt0105811,11124511,0,11124511,Whispers in the Dark
tt0105812,76253806,14500000,90753806,White Men Can't Jump
tt0105813,9011574,0,9011574,White Sands
tt0105819,573904,0,573904,Wild Orchid II: Two Shades of Blue
tt0105820,24079,0,24079,Wild West
tt0105824,5519569,0,5519569,Wind
tt0105871,2791515,0,2791515,Year of the Comet
tt0105885,1557771,0,1557771,Zebrahead
tt0106185,525955,0,525955,The Innocent
tt0106220,48919043,0,48919043,Addams Family Values
tt0106223,24103594,0,24103594,The Adventures of Huck Finn
tt0106226,32255440,0,32255440,The Age of Innocence
tt0106233,2850263,0,2850263,Airborne
tt0106246,36733909,0,36733909,Alive
tt0106264,265000,0,265000,Amongst Friends
tt0106266,9745803,0,9745803,Amos & Andrew
tt0106292,20208496,0,20208496,Another Stakeout
tt0106307,112547,0,112547,Arizona Dream
tt0106308,11502976,0,11502976,Army of Darkness
tt0106315,8041049,0,8041049,Aspen Extreme
tt0106332,5216888,0,5216888,Farewell My Concubine
tt0106339,2392589,0,2392589,Backbeat
tt0106350,543091,0,543091,The Ballad of Little Jo
tt0106353,115842,0,115842,Bank Robber
tt0106364,5635204,0,5635204,Batman: Mask of the Phantasm
tt0106375,53443066,64800000,118243066,Beethoven's 2nd
tt0106379,1519366,0,1519366,Being Human
tt0106387,23261580,0,23261580,Benny & Joon
tt0106393,6608687,0,6608687,Best of the Best II
tt0106400,44029386,13375834,57405220,The Beverly Hillbillies
tt0106408,734634,0,734634,Bhaji on the Beach
tt0106417,452053,0,452053,Sailor Moon R: The Movie: The Promise of the Rose
tt0106447,764724,0,764724,"Bodies, Rest & Motion"
tt0106452,428868,0,428868,Body Snatchers
tt0106453,13273595,0,13273595,Body of Evidence
tt0106455,10058318,0,10058318,Boiling Point
tt0106464,212483,0,212483,Bopha!
tt0106466,17952857,0,17952857,Born Yesterday
tt0106469,4496583,0,4496583,"Blood In, Blood Out"
tt0106471,1796389,0,1796389,Boxing Helena
tt0106489,17287898,0,17287898,A Bronx Tale
tt0106500,17953778,0,17953778,CB4
tt0106505,2570550,0,2570550,Calendar Girl
tt0106519,36948322,26900000,63848322,Carlito's Way
tt0106521,1753979,0,1753979,Carnosaur
tt0106535,322975,0,322975,The Cement Garden
tt0106536,6011745,0,6011745,The Cemetery Club
tt0106537,7271,0,7271,Century
tt0106556,1738,0,1738,Children of Fate: Life and Death in a Sicilian Family
tt0106557,6980986,0,6980986,Children of the Corn II: The Final Sacrifice
tt0106579,26351,0,26351,"Clean, Shaven"
tt0106582,84049211,170951000,255000211,Cliffhanger
tt0106598,21274717,0,21274717,Coneheads
tt0106611,68856263,86000000,154856263,Cool Runnings
tt0106613,31889691,8800000,40689691,Cop & ï¿
tt0106627,13609396,0,13609396,The Crush
tt0106642,8540,0,8540,From the East
tt0106660,23671,0,23671,Dangerous Game
tt0106661,1497222,0,1497222,A Dangerous Woman
tt0106664,10611160,0,10611160,The Dark Half
tt0106673,63270710,0,63270710,Dave
tt0106677,7993039,0,7993039,Dazed and Confused
tt0106684,18369,0,18369,Deadfall
tt0106697,58055768,0,58055768,Demolition Man
tt0106701,51270765,66000000,117270765,Dennis the Menace
tt0106761,2341309,0,2341309,Double Dragon
tt0106770,35113743,28400000,63513743,Dragon: The Bruce Lee Story
tt0106827,1450029,0,1450029,Ernest Rides Again
tt0106833,296081,0,296081,Ethan Frome
tt0106834,1708873,0,1708873,Even Cowgirls Get the Blues
tt0106856,40903593,0,40903593,Falling Down
tt0106868,12890752,0,12890752,A Far Off Place
tt0106873,7839327,0,7839327,Fatal Instinct
tt0106877,3418141,0,3418141,Father Hood
tt0106880,233824,0,233824,Fear of a Black Hat
tt0106881,6995302,0,6995302,Fearless
tt0106902,229041,0,229041,Fifty/Fifty
tt0106912,19885552,0,19885552,Fire in the Sky
tt0106918,158348367,111900000,270248367,The Firm
tt0106926,9709451,0,9709451,Flesh and Bone
tt0106941,11146270,0,11146270,For Love or Money
tt0106950,6739141,0,6739141,Fortress
tt0106965,77698625,76000000,153698625,Free Willy
tt0106966,2080805,3382,2084187,Strawberry and Chocolate
tt0106977,183875760,185000000,368875760,The Fugitive
tt0107004,18635620,0,18635620,Geronimo: An American Legend
tt0107007,10769960,0,10769960,Gettysburg
tt0107009,5086909,0,5086909,Ghost in the Machine
tt0107034,44789789,15823219,60613008,The Good Son
tt0107048,70906973,0,70906973,Groundhog Day
tt0107050,70172621,0,70172621,Grumpy Old Men
tt0107057,22866222,0,22866222,Guilty as Sin
tt0107076,32589677,41600000,74189677,Hard Target
tt0107079,18225518,0,18225518,Sugar Hill
tt0107088,8906,0,8906,The Hawk
tt0107090,5679569,0,5679569,Hear No Evil
tt0107091,16589540,0,16589540,Heart and Souls
tt0107096,5864949,0,5864949,Heaven & Earth
tt0107107,2786807,0,2786807,Hexed
tt0107111,53319,0,53319,High Lonesome: The Story of Bluegrass Music
tt0107120,43886713,101205,43987918,Hocus Pocus
tt0107130,1677807,0,1677807,A Home of Our Own
tt0107131,41833324,0,41833324,Homeward Bound: The Incredible Journey
tt0107144,38922972,94829853,133752825,Hot Shots! Part Deux
tt0107146,602329,0,602329,The Advocate
tt0107148,322871,0,322871,House of Cards
tt0107151,6265311,0,6265311,The House of the Spirits
tt0107152,712418,0,712418,Household Saints
tt0107156,6933459,0,6933459,The Wedding Banquet
tt0107199,92612,0,92612,In Custody
tt0107206,102314823,74682345,176997168,In the Line of Fire
tt0107207,25096862,40700000,65796862,In the Name of the Father
tt0107209,810455,0,810455,"Faraway, So Close!"
tt0107211,106614059,160000000,266614059,Indecent Proposal
tt0107212,14904910,0,14904910,Indian Summer
tt0107225,1113435,0,1113435,"Ciao, Professore!"
tt0107233,86980,0,86980,It's All True
tt0107247,5145823,0,5145823,Jack the Bear
tt0107254,15935068,0,15935068,Jason Goes to Hell: The Final Friday
tt0107259,2562,0,2562,Joan the Maid 1: The Battles
tt0107277,1640220,0,1640220,Josh and S.A.M.
tt0107282,32901136,0,32901136,The Joy Luck Club
tt0107284,2850135,0,2850135,The Judas Project
tt0107286,12526677,0,12526677,Judgment Night
tt0107290,402453882,626700000,1029153882,Jurassic Park
tt0107302,2395231,0,2395231,Kalifornia
tt0107315,2019581,0,2019581,Kika
tt0107322,1214231,0,1214231,King of the Hill
tt0107349,308368,0,308368,The Slingshot
tt0107362,50016394,87282095,137298489,Last Action Hero
tt0107372,11156,0,11156,The Last Party
tt0107387,8556940,0,8556940,Leprechaun
tt0107411,669643,0,669643,American Masters: The Life and Times of Allen Ginsberg
tt0107413,12440858,0,12440858,Life with Mikey
tt0107426,4858139,0,4858139,Little Buddha
tt0107438,10340263,0,10340263,Look Who's Talking Now
tt0107443,9285189,0,9285189,Lost in Yonkers
tt0107447,542985,0,542985,Love & Human Remains
tt0107468,1498795,0,1498795,M. Butterfly
tt0107471,873857,0,873857,My Favorite Season
tt0107472,449707,0,449707,"The Wonderful, Horrible Life of Leni Riefenstahl"
tt0107473,11081586,0,11081586,Mad Dog and Glory
tt0107478,44942695,60000000,104942695,Made in America
tt0107492,58484,0,58484,The Making of '...And God Spoke'
tt0107497,46405336,0,46405336,Malice
tt0107501,24760338,0,24760338,The Man Without a Face
tt0107504,12974636,0,12974636,Man's Best Friend
tt0107507,11330911,0,11330911,Manhattan Murder Mystery
tt0107523,2059832,0,2059832,Married to It
tt0107529,9532895,0,9532895,Matinee
tt0107554,27912072,0,27912072,Menace II Society
tt0107563,8016708,0,8016708,The Meteor Man
tt0107566,3267313,0,3267313,Mi vida loca
tt0107594,1039824,0,1039824,Money for Nothing
tt0107604,28409,0,28409,Morning Glory
tt0107606,737548,0,737548,Mother's Boys
tt0107611,8345845,0,8345845,Mr. Jones
tt0107612,4348572,0,4348572,Mr. Nanny
tt0107613,3125424,0,3125424,Mr. Wonderful
tt0107614,219195243,222090952,441286195,Mrs. Doubtfire
tt0107616,22549338,0,22549338,Much Ado About Nothing
tt0107617,1700992,0,1700992,The Scent of Green Papaya
tt0107623,313967,0,313967,The Music of Chance
tt0107626,3335984,0,3335984,My Boyfriend's Back
tt0107630,27804899,0,27804899,My Life
tt0107631,163383,0,163383,My Life's in Turnaround
tt0107642,274596,0,274596,Cafï¿½ï¿½ï¿½ï
tt0107653,1769305,0,1769305,Naked
tt0107659,27979399,0,27979399,Loaded Weapon 1
tt0107665,15185672,0,15185672,Needful Things
tt0107668,2001124,0,2001124,Nemesis
tt0107685,1884814,0,1884814,The Night We Never Met
tt0107688,76982668,4869947,81852615,The Nightmare Before Christmas
tt0107711,22189039,0,22189039,Nowhere to Run
tt0107719,2119994,0,2119994,The Nutcracker
tt0107745,6582052,0,6582052,Once Upon a Forest
tt0107750,3283371,0,3283371,Only the Strong
tt0107756,5377643,0,5377643,Orlando
tt0107779,44159,0,44159,"Paris, France"
tt0107798,100768056,94500000,195268056,The Pelican Brief
tt0107808,31130999,104000000,135130999,A Perfect World
tt0107818,77446440,129232000,206678440,Philadelphia
tt0107819,2970,0,2970,Philadelphia Experiment II
tt0107822,40157856,0,40157856,The Piano
tt0107824,84471,0,84471,The Pickle
tt0107840,27515786,0,27515786,Poetic Justice
tt0107843,30038362,0,30038362,Point of No Return
tt0107863,18289763,0,18289763,Posse
tt0107875,2105078,0,2105078,The Princess and the Goblin
tt0107889,23032565,0,23032565,The Program
tt0107920,89388,607,89995,Raining Stones
tt0107927,6484246,0,6484246,The Real McCoy
tt0107943,23237911,0,23237911,The Remains of the Day
tt0107953,54207,0,54207,Return of the Living Dead III
tt0107969,63179523,44019267,107198790,Rising Sun
tt0107974,597564,0,597564,Road Scholar
tt0107977,35739755,0,35739755,Robin Hood: Men in Tights
tt0107978,10696210,0,10696210,RoboCop 3
tt0107983,3275585,0,3275585,Romeo Is Bleeding
tt0107985,53615089,2885669,56500758,Rookie of the Year
tt0107987,148919,0,148919,Roosters
tt0107999,608866,0,608866,Ruby Cairo
tt0108000,1001437,0,1001437,Ruby in Paradise
tt0108002,22750363,0,22750363,Rudy
tt0108026,134454,0,134454,The Saint of Fort Washington
tt0108037,32950136,1398307,34348443,The Sandlot
tt0108041,2198984,0,2198984,Sankofa
tt0108052,96898818,225344627,322243445,Schindler's List
tt0108059,147107,0,147107,La scorta
tt0108065,7266383,0,7266383,Searching for Bobby Fischer
tt0108069,70441,0,70441,The Secret Adventures of Tom Thumb
tt0108071,31181347,0,31181347,The Secret Garden
tt0108072,18719,0,18719,The Secret Rapture
tt0108090,530833,0,530833,Sex Is...
tt0108101,25842377,0,25842377,Shadowlands
tt0108122,6110979,0,6110979,Short Cuts
tt0108135,61274,0,61274,Silent Tongue
tt0108147,57319029,0,57319029,Sister Act 2: Back in the Habit
tt0108148,14694904,0,14694904,Iron Monkey
tt0108149,6405918,0,6405918,Six Degrees of Separation
tt0108160,126808165,101119000,227927165,Sleepless in Seattle
tt0108162,36300000,80000000,116300000,Sliver
tt0108170,3323524,0,3323524,Screen Two: The Snapper
tt0108171,18994653,0,18994653,Sniper
tt0108174,11585483,0,11585483,So I Married an Axe Murderer
tt0108185,50081992,90000000,140081992,Sommersby
tt0108186,36448400,0,36448400,Son in Law
tt0108187,2438031,0,2438031,Son of the Pink Panther
tt0108188,58834,0,58834,Sonatine
tt0108207,3246063,0,3246063,Splitting Heirs
tt0108211,152972,0,152972,Stalingrad
tt0108233,3347,0,3347,Strawberry Fields
tt0108234,841015,0,841015,Street Knight
tt0108238,24107867,0,24107867,Striking Distance
tt0108249,2106846,0,2106846,Screen Two: The Clothes in the Wardrobe
tt0108255,20915465,0,20915465,Super Mario Bros.
tt0108258,4916135,0,4916135,Surf Ninjas
tt0108260,102780,0,102780,Suture
tt0108265,5632086,0,5632086,Swing Kids
tt0108308,42273609,0,42273609,Teenage Mutant Ninja Turtles III
tt0108311,6419876,0,6419876,The Temp
tt0108320,123509,0,123509,There Goes My Baby
tt0108323,253311,0,253311,Theremin: An Electronic Odyssey
tt0108327,1029721,0,1029721,The Thing Called Love
tt0108328,1319521,0,1319521,Thirty Two Short Films About Glenn Gould
tt0108330,4104962,0,4104962,This Boy's Life
tt0108333,53898845,0,53898845,The Three Musketeers
tt0108334,5516936,0,5516936,Three of Hearts
tt0108358,56505065,0,56505065,Tombstone
tt0108366,101071,0,101071,Totally F***ed Up
tt0108388,119267,0,119267,The Trial
tt0108394,1324974,0,1324974,Three Colors: Blue
tt0108395,71368,0,71368,A Troll in Central Park
tt0108399,12281551,0,12281551,True Romance
tt0108410,89558,0,89558,Twenty Bucks
tt0108432,87738,0,87738,Ocean Waves
tt0108442,12324660,0,12324660,Undercover Blues
tt0108451,18898806,0,18898806,Untamed Heart
tt0108473,14543394,0,14543394,The Vanishing
tt0108500,659810,0,659810,The Visitors
tt0108515,901668,0,901668,The War Room
tt0108517,3902679,0,3902679,Warlock: The Armageddon
tt0108525,48197805,0,48197805,Wayne's World 2
tt0108526,9317021,0,9317021,We're Back! A Dinosaur's Story
tt0108539,12741891,0,12741891,Weekend at Bernie's II
tt0108550,10032765,0,10032765,What's Eating Gilbert Grape
tt0108551,39100956,0,39100956,What's Love Got to Do with It
tt0108557,595505,0,595505,Where the Rivers Flow North
tt0108560,11299730,0,11299730,Who's the Man?
tt0108565,1614784,0,1614784,Wide Sargasso Sea
tt0108569,84859,0,84859,Wilder Napalm
tt0108596,278720,0,278720,Wrestling Ernest Hemingway
tt0108649,217300,0,217300,Zero Patience
tt0108906,83381,61106,144487,The Kingdom
tt0109015,11798854,0,11798854,3 Ninjas Kick Back
tt0109021,19623396,0,19623396,8 Seconds
tt0109035,16192320,0,16192320,Above the Rim
tt0109040,72217396,35000000,107217396,Ace Ventura: Pet Detective
tt0109045,11220670,0,11220670,"The Adventures of Priscilla, Queen of the Desert"
tt0109067,21011318,0,21011318,The Air Up There
tt0109068,5751882,0,5751882,Airheads
tt0109093,757088,0,757088,Amateur
tt0109120,16820893,0,16820893,Andre
tt0109127,50236831,0,50236831,Angels in the Outfield
tt0109129,9398308,0,9398308,Angie
tt0109190,16827402,0,16827402,Baby's Day Out
tt0109198,15240435,0,15240435,Bad Girls
tt0109206,399748,0,399748,Bandit Queen
tt0109217,573953,0,573953,Bar Girls
tt0109219,7266973,0,7266973,Barcelona
tt0109226,73956,0,73956,"The Beans of Egypt, Maine"
tt0109254,42614912,76594077,119208989,Beverly Hills Cop III
tt0109255,468930,0,468930,Maybe... Maybe Not
tt0109279,4630377,0,4630377,Black Beauty
tt0109285,10171,0,10171,Black Is... Black Ain't
tt0109287,30577969,0,30577969,Blank Check
tt0109288,7941977,0,7941977,Blankman
tt0109297,16696219,0,16696219,Blink
tt0109303,30156002,0,30156002,Blown Away
tt0109305,23070663,0,23070663,Blue Chips
tt0109306,3359465,0,3359465,Blue Sky
tt0109327,4352094,0,4352094,Brainscan
tt0109339,41430,0,41430,Brother Minister: The Assassination of Malcolm X
tt0109340,487391,0,487391,The Browning Version
tt0109348,13383747,0,13383747,Bullets Over Broadway
tt0109352,7556,0,7556,A Business Affair
tt0109361,3662459,0,3662459,Cabin Boy
tt0109369,10475705,0,10475705,Camp Nowhere
tt0109370,163971,0,163971,Canadian Bacon
tt0109376,1238080,0,1238080,"Car 54, Where Are You?"
tt0109381,14528,0,14528,Carmen Miranda: Bananas Is My Business
tt0109402,7924955,0,7924955,The Chase
tt0109403,1596687,0,1596687,Chasers
tt0109417,3038499,0,3038499,China Moon
tt0109424,600200,0,600200,Chungking Express
tt0109439,43622150,0,43622150,City Slickers II: The Legend of Curly's Gold
tt0109443,7355425,0,7355425,Clean Slate
tt0109444,122187717,93700000,215887717,Clear and Present Danger
tt0109445,3151130,0,3151130,Clerks
tt0109446,92115211,25500000,117615211,The Client
tt0109447,7408745,0,7408745,Clifford
tt0109450,1007583,0,1007583,Cobb
tt0109454,464284,0,464284,Colonel Chabert
tt0109456,19726050,0,19726050,Color of Night
tt0109480,11391093,0,11391093,Cops and Robbersons
tt0109484,20164171,0,20164171,"Corrina, Corrina"
tt0109493,20280016,0,20280016,The Cowboy Way
tt0109504,13642861,0,13642861,Crooklyn
tt0109506,50693129,0,50693129,The Crow
tt0109508,3041083,0,3041083,Crumb
tt0109520,45610410,0,45610410,D2: The Mighty Ducks
tt0109529,66229,0,66229,Dance Me Outside
tt0109578,1702394,0,1702394,Death Wish V: The Face of Death
tt0109579,3103716,0,3103716,Death and the Maiden
tt0109592,253986,0,253986,Cemetery Man
tt0109593,63174,0,63174,Delta of Venus
tt0109635,83015089,131000000,214015089,Disclosure
tt0109642,24361867,0,24361867,Dolores Claiborne
tt0109655,759393,0,759393,Double Happiness
tt0109665,256264,0,256264,Dream Lover
tt0109675,734693,0,734693,Drop Squad
tt0109676,28735315,0,28735315,Drop Zone
tt0109686,127175374,120100000,247275374,Dumb and Dumber
tt0109688,174273,1738217,1912490,Ashes of Time
tt0109702,30209,0,30209,Cold Water
tt0109707,5887457,0,5887457,Ed Wood
tt0109708,2642,0,2642,Eden Valley
tt0109729,2155385,0,2155385,The Endless Summer 2
tt0109731,39003,0,39003,L'Enfer
tt0109751,53532,0,53532,Under the Domim Tree
tt0109758,6841570,0,6841570,Exit to Eden
tt0109759,4221036,0,4221036,Exotica
tt0109771,1573411,0,1573411,Farinelli
tt0109774,10524,0,10524,"Fast Trip, Long Drop"
tt0109783,3134381,0,3134381,The Favor
tt0109785,514775,0,514775,Federal Hill
tt0109813,130531208,211100000,341631208,The Flintstones
tt0109816,20031,0,20031,Floundering
tt0109823,121548,0,121548,For the Moment
tt0109830,330455270,347693217,678148487,Forrest Gump
tt0109831,52700832,193000000,245700832,Four Weddings and a Funeral
tt0109835,50004,0,50004,Frank & Jesse
tt0109836,22006296,90000000,112006296,Mary Shelley's Frankenstein
tt0109838,29296,0,29296,Freaked
tt0109839,71176,0,71176,Freedom on My Mind
tt0109842,8094616,0,8094616,Fresh
tt0109890,16094974,13963000,30057974,The Getaway
tt0109891,18869594,0,18869594,Getting Even with Dad
tt0109906,3291163,0,3291163,The Glass Shield
tt0109913,2405285,0,2405285,Go Fish
tt0109917,395105,0,395105,Golden Gate
tt0109920,2308390,0,2308390,A Good Man in Africa
tt0109934,527034,0,527034,A Great Day in Harlem
tt0109936,13137484,0,13137484,Greedy
tt0109949,903840,0,903840,Guantanamera
tt0109951,27058304,0,27058304,Guarding Tess
tt0109959,3411885,0,3411885,Gunmen
tt0110005,3049135,0,3049135,Heavenly Creatures
tt0110006,17689177,0,17689177,Heavyweights
tt0110027,12303080,0,12303080,Highlander: The Final Dimension
tt0110044,713234,0,713234,Holy Matrimony
tt0110057,7830611,4000000,11830611,Hoop Dreams
tt0110064,19281235,0,19281235,House Party 3
tt0110066,26325256,0,26325256,Houseguest
tt0110074,2816518,0,2816518,The Hudsucker Proxy
tt0110081,2332728,0,2332728,To Live
tt0110091,1760527,0,1760527,I Like It Like That
tt0110093,30806194,0,30806194,I Love Trouble
tt0110097,10424645,0,10424645,I'll Do Anything
tt0110099,26381221,0,26381221,I.Q.
tt0110115,89611,0,89611,Imaginary Crimes
tt0110116,9914409,0,9914409,Immortal Beloved
tt0110123,28881266,0,28881266,In the Army Now
tt0110137,8880705,0,8880705,The Inkwell
tt0110146,21355893,0,21355893,Intersection
tt0110148,105264608,118400000,223664608,Interview with the Vampire: The Vampire Chronicles
tt0110157,21006361,0,21006361,Iron Will
tt0110167,37939757,0,37939757,It Could Happen to You
tt0110168,70936,0,70936,It Runs in the Family
tt0110169,60822,0,60822,It's Pat: The Movie
tt0110186,20851521,0,20851521,Jason's Lyric
tt0110189,7557877,0,7557877,The Jerky Boys
tt0110197,3783003,0,3783003,Jimmy Hollywood
tt0110213,43229904,0,43229904,The Jungle Book
tt0110216,36763355,71668000,108431355,Junior
tt0110217,10622,0,10622,Jupiter's Wife
tt0110259,297415,0,297415,Killer
tt0110265,418961,0,418961,Killing Zoe
tt0110296,152457,0,152457,Ladybird Ladybird
tt0110305,9979683,0,9979683,Lassie
tt0110308,5842603,0,5842603,The Last Seduction
tt0110322,66638883,94000000,160638883,Legends of the Fall
tt0110329,2260622,0,2260622,Leprechaun 2
tt0110353,16821273,0,16821273,Lightning Jack
tt0110357,422783777,545700000,968483777,The Lion King
tt0110363,12267790,0,12267790,Little Big League
tt0110364,19306362,0,19306362,Little Giants
tt0110365,1095885,0,1095885,Little Odessa
tt0110366,52125282,15183000,67308282,The Little Rascals
tt0110367,50083616,0,50083616,Little Women
tt0110374,44231,0,44231,Loaded
tt0110391,18272894,0,18272894,Love Affair
tt0110395,35200,0,35200,Love and a .45
tt0110399,29392418,0,29392418,A Low Down Dirty Shame
tt0110400,45436,0,45436,The Low Life
tt0110405,151068,0,151068,Paperback Romance
tt0110413,19501238,0,19501238,Lï¿½ï¿½ï¿½ï¿½ï¿½ï¿½ï¿½ï
tt0110428,15238689,0,15238689,The Madness of King George
tt0110442,30626182,0,30626182,Major League II
tt0110443,29412050,700000,30112050,Major Payne
tt0110455,920916,0,920916,A Man of No Importance
tt0110473,91874,0,91874,Martha & Ethel
tt0110475,119938730,231644677,351583407,The Mask
tt0110478,101631272,81400000,183031272,Maverick
tt0110480,62186,0,62186,Maya Lin: A Strong Clear Vision
tt0110516,18137661,0,18137661,Milk Money
tt0110518,1220842,0,1220842,A Million to Juan
tt0110527,17320136,28944248,46264384,Miracle on 34th Street
tt0110538,6821850,0,6821850,Mixed Nuts
tt0110557,16453258,0,16453258,Monkey Trouble
tt0110570,638645,0,638645,The Monster
tt0110583,44536,0,44536,Moving the Mountain
tt0110588,2144667,0,2144667,Mrs. Parker and the Vicious Circle
tt0110598,15119639,362638,15482277,Muriel's Wedding
tt0110604,1125910,0,1125910,Mute Witness
tt0110612,25479558,0,25479558,My Father the Hero
tt0110613,17359799,0,17359799,My Girl 2
tt0110620,443169,0,443169,Nadja
tt0110622,51132598,0,51132598,Naked Gun 33 1/3: The Final Insult
tt0110623,1038959,0,1038959,Naked in New York
tt0110632,50282766,0,50282766,Natural Born Killers
tt0110638,33683817,73000000,106683817,Nell
tt0110649,245217,0,245217,The New Age
tt0110657,8914777,6961576,15876353,The Next Karate Kid
tt0110678,15339030,0,15339030,No Escape
tt0110684,39491975,0,39491975,Nobody's Fool
tt0110687,7182747,0,7182747,North
tt0110689,364164,0,364164,Nostradamus
tt0110712,19710,0,19710,Of Love and Shadows
tt0110722,124693,0,124693,Oleanna
tt0110725,38590458,0,38590458,On Deadly Ground
tt0110729,1608570,0,1608570,Once Were Warriors
tt0110737,20059210,0,20059210,Only You
tt0110759,4330020,0,4330020,PCU
tt0110763,13670688,0,13670688,The Pagemaster
tt0110771,38824341,9600000,48424341,The Paper
tt0110857,126247,0,126247,Police Academy: Mission to Moscow
tt0110867,11669,0,11669,Pontiac Moon
tt0110877,21848932,0,21848932,Il Postino
tt0110882,763847,0,763847,Before the Rain
tt0110889,4165845,0,4165845,Priest
tt0110892,3062530,0,3062530,Princess Caraboo
tt0110907,11300653,0,11300653,Ready to Wear
tt0110912,107928762,106000000,213928762,Pulp Fiction
tt0110917,190749,0,190749,A Pure Formality
tt0110932,24822619,0,24822619,Quiz Show
tt0110939,1316865,0,1316865,Radioland Murders
tt0110944,305070,0,305070,Rapa Nui
tt0110950,20982557,12369000,33351557,Reality Bites
tt0110955,11439193,0,11439193,The Ref
tt0110963,1304237,0,1304237,Queen Margot
tt0110971,24332324,0,24332324,Renaissance Man
tt0110978,185898,0,185898,Texas Chainsaw Massacre: The Next Generation
tt0110989,38087756,0,38087756,Riï¿½ï¿½ï¿½ï¿
tt0110997,46816343,47400000,94216343,The River Wild
tt0110998,11553,0,11553,River of Grass
tt0111001,6562513,0,6562513,The Road to Wellville
tt0111003,8647042,0,8647042,The Puppet Masters
tt0111013,2264,0,2264,The Rook
tt0111019,807775,0,807775,Wild Reeds
tt0111048,63513,0,63513,S.F.W.
tt0111054,1618282,0,1618282,Safe Passage
tt0111070,144833357,45000000,189833357,The Santa Clause
tt0111094,2694234,0,2694234,The Scout
tt0111102,86115,0,86115,Second Best
tt0111112,6159269,0,6159269,The Secret of Roan Inish
tt0111125,961147,0,961147,Separate Lives
tt0111127,7820688,0,7820688,Serial Mom
tt0111143,32063435,16000000,48063435,The Shadow
tt0111149,2079569,0,2079569,Shallow Grave
tt0111161,28699976,86681,28786657,The Shawshank Redemption
tt0111173,3061,0,3061,Shopping
tt0111180,22480,0,22480,Midnight Dancers
tt0111187,3180674,0,3180674,Silent Fall
tt0111194,3430583,0,3430583,A Simple Twist of Fate
tt0111201,7770731,0,7770731,Sirens
tt0111205,217881,0,217881,Sister My Sister
tt0111218,200151,0,200151,Sleep with Me
tt0111237,18112,0,18112,Somebody to Love
tt0111252,1359736,0,1359736,Spanking the Monkey
tt0111255,57362582,113000000,170362582,The Specialist
tt0111256,20667959,0,20667959,Speechless
tt0111257,121248145,229200000,350448145,Speed
tt0111271,3342223,0,3342223,Squanto: A Warrior's Tale
tt0111280,75671125,42400000,118071125,Star Trek Generations
tt0111282,71567262,125000000,196567262,Stargate
tt0111301,33423521,66008265,99431786,Street Fighter
tt0111309,766464,0,766464,The Sum of Us
tt0111323,7727256,0,7727256,Surviving the Game
tt0111333,9771658,0,9771658,The Swan Princess
tt0111359,8247627,2800000,11047627,Tall Tale
tt0111400,16487349,0,16487349,Terminal Velocity
tt0111408,280163,0,280163,That's Entertainment! III
tt0111418,14815317,0,14815317,Threesome
tt0111419,11373501,0,11373501,Thumbelina
tt0111438,44853581,56793000,101646581,Timecop
tt0111440,27455,0,27455,Heaven's a Drag
tt0111454,538534,0,538534,Tom & Viv
tt0111470,319123,0,319123,Trading Mom
tt0111477,6017509,0,6017509,Trapped in Paradise
tt0111488,6971777,0,6971777,Trial by Jury
tt0111495,3581969,0,3581969,Three Colors: Red
tt0111503,146282411,232600000,378882411,True Lies
tt0111507,1237219,0,1237219,Three Colors: White
tt0111510,38773,0,38773,Tsahal
tt0111512,11555430,0,11555430,The Legend of Drunken Master
tt0111543,722182,0,722182,"Little Indian, Big City"
tt0111579,2302338,0,2302338,Burnt by the Sun
tt0111590,1746050,0,1746050,Vanya on 42nd Street
tt0111614,1951429,0,1951429,Vertical Reality
tt0111653,4412297,0,4412297,Wagons East
tt0111666,12712,0,12712,War of the Buttons
tt0111667,16928556,0,16928556,The War
tt0111686,18090181,1631560,19721741,Wes Craven's New Nightmare
tt0111693,50021959,0,50021959,When a Man Loves a Woman
tt0111701,8878839,0,8878839,White Fang 2: Myth of the White Wolf
tt0111706,14320,0,14320,Whore 2
tt0111712,6243722,0,6243722,Widows' Peak
tt0111732,20016254,0,20016254,With Honors
tt0111742,65002597,66000000,131002597,Wolf
tt0111756,25052000,0,25052000,Wyatt Earp
tt0111797,7294403,0,7294403,Eat Drink Man Woman
tt0111804,10184701,0,10184701,Martin Lawrence: You So Crazy
tt0112120,39075,0,39075,Century of Cinema: A Personal Journey with Martin Scorsese Through American Movies
tt0112255,413479,0,413479,3 Ninjas: Knuckle Up
tt0112281,108385533,104000000,212385533,Ace Ventura: When Nature Calls
tt0112286,16015639,0,16015639,Across the Sea of Time
tt0112288,307308,0,307308,The Addiction
tt0112302,23920048,0,23920048,Tom and Huck
tt0112342,7506759,0,7506759,The Amazing Panda Adventure
tt0112346,60079496,47800000,107879496,The American President
tt0112365,3414301,0,3414301,Angels and Insects
tt0112368,4821759,0,4821759,Angus
tt0112373,1310200,0,1310200,Anne Frank Remembered
tt0112379,4228275,21046,4249321,Antonia's Line
tt0112384,173837933,181400000,355237933,Apollo 13
tt0112389,669276,0,669276,The Thief and the Cobbler
tt0112401,30303072,0,30303072,Assassins
tt0112427,259724,0,259724,An Awfully Big Adventure
tt0112431,63658910,190476000,254134910,Babe
tt0112435,9685976,0,9685976,The Baby-Sitters Club
tt0112442,65807024,75600000,141407024,Bad Boys
tt0112443,3674841,0,3674841,Bad Company
tt0112445,924940,0,924940,The White Balloon
tt0112452,53819,0,53819,Ballot Measure 9
tt0112453,11348324,0,11348324,Balto
tt0112454,44544,0,44544,Bandwagon
tt0112461,2381087,0,2381087,The Basketball Diaries
tt0112462,184069126,152498405,336567531,Batman Forever
tt0112471,5535405,0,5535405,Before Sunrise
tt0112495,5750110,0,5750110,Beyond Rangoon
tt0112499,17736619,0,17736619,The Big Green
tt0112508,25588734,900000,26488734,Billy Madison
tt0112536,684351,0,684351,Bloodsport 2
tt0112537,4535,0,4535,Blue Juice
tt0112541,1268636,0,1268636,Blue in the Face
tt0112571,23440188,0,23440188,Boys on the Side
tt0112572,46576136,0,46576136,The Brady Bunch Movie
tt0112573,75609945,137606271,213216216,Braveheart
tt0112579,71516617,110500000,182016617,The Bridges of Madison County
tt0112585,10426506,0,10426506,The Brothers McMullen
tt0112586,8000,0,8000,Brothers in Trouble
tt0112602,7919823,0,7919823,Bushwhacked
tt0112604,87626,0,87626,Butterfly Kiss
tt0112606,12096673,0,12096673,Bye Bye Love
tt0112625,13940383,0,13940383,Candyman: Farewell to the Flesh
tt0112637,3242342,0,3242342,Carrington
tt0112641,42512375,73600000,116112375,Casino
tt0112642,100328194,187600000,287928194,Casper
tt0112646,28672,0,28672,Catwalk
tt0112651,1400591,0,1400591,The Celluloid Closet
tt0112679,23389975,0,23389975,Circle of Friends
tt0112682,1738611,42854,1781465,The City of Lost Children
tt0112688,13071518,0,13071518,Clockers
tt0112697,56631572,0,56631572,Clueless
tt0112701,5682429,0,5682429,Cold Comfort Farm
tt0112702,16198,0,16198,Coldblooded
tt0112715,81022101,71000000,152022101,Congo
tt0112722,32051917,0,32051917,Copycat
tt0112740,91387195,66000000,157387195,Crimson Tide
tt0112744,868979,0,868979,The Crossing Guard
tt0112749,670727,0,670727,"Cry, the Beloved Country"
tt0112757,2568425,0,2568425,The Cure
tt0112760,10017322,0,10017322,Cutthroat Island
tt0112767,284692,0,284692,Cyclo
tt0112769,873196,0,873196,La Cï¿½ï¿½ï¿½ï
tt0112777,37092,0,37092,Dadetown
tt0112792,84919401,94600000,179519401,Dangerous Minds
tt0112817,1037847,0,1037847,Dead Man
tt0112818,39363635,0,39363635,Dead Man Walking
tt0112819,24147179,0,24147179,Dead Presidents
tt0112844,148121,0,148121,Denise Calls Up
tt0112851,25405445,0,25405445,Desperado
tt0112854,1176982,0,1176982,Destiny Turns on the Radio
tt0112857,16140822,0,16140822,Devil in a Blue Dress
tt0112864,100012499,266089167,366101666,Die Hard with a Vengeance
tt0112883,22150451,46642080,68792531,Don Juan DeMarco
tt0112887,284785,0,284785,The Doom Generation
tt0112895,2763020,0,2763020,Dr. Jekyll and Ms. Hyde
tt0112896,10772144,0,10772144,Dracula: Dead and Loving It
tt0112907,38268,0,38268,Drunks
tt0112913,163145,1768,164913,Fallen Angels
tt0112950,273188,0,273188,Empire Records
tt0112959,1966454,0,1966454,Endless Winter
tt0112966,10904930,0,10904930,The Englishman Who Went Up a Hill But Came Down a Mountain
tt0113010,11534477,0,11534477,Fair Game
tt0113026,49666,0,49666,The Fantasticks
tt0113028,11642946,0,11642946,Far from Home: The Adventures of Yellow Dog
tt0113041,76594107,0,76594107,Father of the Bride Part II
tt0113044,293274,0,293274,Feast of July
tt0113057,230049,0,230049,A Single Girl
tt0113071,37600435,90000000,127600435,First Knight
tt0113077,480941,0,480941,Flamenco
tt0113080,263192,0,263192,Flirt
tt0113083,1032180,0,1032180,The Flower of My Secret
tt0113089,3987768,0,3987768,Fluke
tt0113097,33177694,0,33177694,Forget Paris
tt0113101,4257354,0,4257354,Four Rooms
tt0113107,103365,0,103365,Frankie Starlight
tt0113114,30077111,0,30077111,Free Willy 2: The Adventure Home
tt0113117,38896854,63086000,101982854,French Kiss
tt0113118,27467564,748354,28215918,Friday
tt0113122,87433,0,87433,Frisk
tt0113133,532268,0,532268,Funny Bones
tt0113149,1026646,0,1026646,French Twist
tt0113158,1110104,0,1110104,Georgia
tt0113161,72101622,43000000,115101622,Get Shorty
tt0113184,25695,0,25695,Go Now
tt0113188,6029091,0,6029091,Gold Diggers: The Secret of Bear Mountain
tt0113189,106429941,245764093,352194034,GoldenEye
tt0113198,35348597,0,35348597,A Goofy Movie
tt0113199,3941146,0,3941146,Gordy
tt0113211,559771,0,559771,The Grass Harp
tt0113224,35855,0,35855,Gentlemen Don't Eat Poets
tt0113228,71518503,0,71518503,Grumpier Old Men
tt0113234,57100,0,57100,Gumby: The Movie
tt0113243,7563728,0,7563728,Hackers
tt0113247,280859,0,280859,La Haine
tt0113253,15116634,0,15116634,Halloween: The Curse of Michael Myers
tt0113277,67436818,120000000,187436818,Heat
tt0113280,941414,0,941414,Heavy
tt0113283,34402,0,34402,Heidi Fleiss: Hollywood Madam
tt0113303,12201255,0,12201255,Hideaway
tt0113305,38290723,0,38290723,Higher Learning
tt0113314,265732,0,265732,Hollow Reed
tt0113321,17519169,0,17519169,Home for the Holidays
tt0113326,32392047,0,32392047,Rumble in the Bronx
tt0113347,23600020,17600000,41200020,How to Make an American Quilt
tt0113360,6609661,0,6609661,The Hunted
tt0113362,1320043,0,1320043,The Horseman on the Roof
tt0113369,2684,0,2684,I Shot a Man in Vegas
tt0113403,469571,0,469571,A Midwinter's Tale
tt0113409,8924549,0,8924549,In the Mouth of Madness
tt0113416,2210408,0,2210408,The Incredibly True Adventure of Two Girls in Love
tt0113419,35656131,0,35656131,The Indian in the Cupboard
tt0113425,8225,0,8225,The Innocent Sleep
tt0113442,19474589,0,19474589,It Takes Two
tt0113443,622503,0,622503,It's My Party
tt0113448,218626,0,218626,Jack & Sarah
tt0113451,9851610,0,9851610,Jade
tt0113463,2473668,0,2473668,Jefferson in Paris
tt0113464,3487767,0,3487767,Jeffrey
tt0113481,19075720,0,19075720,Johnny Mnemonic
tt0113490,14381,0,14381,The Journey of August King
tt0113492,34693481,78800000,113493481,Judge Dredd
tt0113497,100475249,162322000,262797249,Jumanji
tt0113500,17014653,0,17014653,Jury Duty
tt0113501,36853222,0,36853222,Just Cause
tt0113533,3730409,0,3730409,Born to Be Wild
tt0113537,718490,0,718490,Kicking and Screaming
tt0113538,13406717,0,13406717,A Kid in King Arthur's Court
tt0113540,7412216,0,7412216,Kids
tt0113542,82029,0,82029,Killer: A Journal of Murder
tt0113552,14942422,0,14942422,Kiss of Death
tt0113557,10493,0,10493,Zero Kelvin
tt0113568,515905,0,515905,Ghost in the Shell
tt0113612,801984,0,801984,Last Summer in the Hamptons
tt0113613,459749,0,459749,The Last Supper
tt0113617,7024389,0,7024389,Last of the Dogmen
tt0113627,32029928,0,32029928,Leaving Las Vegas
tt0113650,240280,0,240280,Lie Down with Dogs
tt0113670,10015449,0,10015449,A Little Princess
tt0113674,23808,0,23808,Live Nude Girls
tt0113677,1111790,0,1111790,Living in Oblivion
tt0113690,13294422,0,13294422,Lord of Illusions
tt0113691,7603766,0,7603766,Losing Isaiah
tt0113720,13128,0,13128,All Things Fair
tt0113729,15453274,0,15453274,Mad Love
tt0113731,65196,0,65196,Madame Butterfly
tt0113737,2680717,0,2680717,Magic in the Water
tt0113749,2122561,0,2122561,Mallrats
tt0113755,40070995,0,40070995,Man of the House
tt0113756,209935,0,209935,Man of the Year
tt0113758,33402,0,33402,Man with a Plan
tt0113762,1781383,0,1781383,The Mangler
tt0113808,5221281,0,5221281,Miami Rhapsody
tt0113819,6468498,0,6468498,Mighty Aphrodite
tt0113820,38187431,28245763,66433194,Mighty Morphin Power Rangers: The Movie
tt0113824,498156,0,498156,Whisper of the Heart
tt0113828,740048,0,740048,Les Misï¿½ï¿½ï¿
tt0113839,14286,0,14286,A Modern Affair
tt0113845,35431113,0,35431113,Money Train
tt0113849,2101087,0,2101087,A Month by the Lake
tt0113851,2484226,0,2484226,Moonlight and Valentino
tt0113855,70454098,51741822,122195920,Mortal Kombat
tt0113862,82569971,23700000,106269971,Mr. Holland's Opus
tt0113870,17381942,0,17381942,Murder in the First
tt0113896,11079373,0,11079373,My Family
tt0113936,4686937,0,4686937,Senior Trip
tt0113947,950237,0,950237,Nelly & Monsieur Arnaud
tt0113952,78072,0,78072,The Neon Bible
tt0113957,50727965,59900000,110627965,The Net
tt0113965,6858261,0,6858261,Never Talk to Strangers
tt0113967,3565508,0,3565508,New Jersey Drive
tt0113972,8175346,0,8175346,Nick of Time
tt0113973,306691,0,306691,Nico Icon
tt0113986,69684532,68825698,138510230,Nine Months
tt0113987,13681765,0,13681765,Nixon
tt0114001,6152,0,6152,Not Bad for a Girl
tt0114007,40374,0,40374,Nothing Personal
tt0114008,15843,0,15843,Ten Benny
tt0114011,27112329,10479345,37591674,Now and Then
tt0114039,2291255,0,2291255,Once Upon a Time... When We Were Colored
tt0114047,9481,0,9481,Open Season
tt0114048,24670346,0,24670346,Operation Dumbo Drop
tt0114057,2844379,0,2844379,Othello
tt0114069,67659560,122200000,189859560,Outbreak
tt0114084,6834525,0,6834525,Panther
tt0114086,31738,0,31738,Beyond the Clouds
tt0114095,472370,0,472370,Party Girl
tt0114108,3983912,0,3983912,The Pebble and the Penguin
tt0114113,2832826,0,2832826,The Perez Family
tt0114117,5269757,0,5269757,Screen Two: Persuasion
tt0114129,1238905,0,1238905,Picture Bride
tt0114134,2372744,0,2372744,The Pillow Book
tt0114148,141579773,204500000,346079773,Pocahontas
tt0114168,30862156,0,30862156,Powder
tt0114194,16115878,0,16115878,The Prophecy
tt0114210,345972,0,345972,A Pyromaniac's Love Story
tt0114214,18636537,0,18636537,The Quick and the Dead
tt0114243,44846,0,44846,Red Cherry
tt0114272,4005941,0,4005941,Restoration
tt0114279,2684904,0,2684904,Richard III
tt0114287,31596911,0,31596911,Rob Roy
tt0114296,12096881,0,12096881,Roommates
tt0114303,247202,0,247202,Rough Magic
tt0114319,53672080,0,53672080,Sabrina
tt0114323,512245,0,512245,Safe
tt0114345,10382407,0,10382407,The Scarlet Letter
tt0114354,97848,0,97848,Brother of Sleep
tt0114367,5711695,0,5711695,Screamers
tt0114369,100125643,227186216,327311859,Se7en
tt0114371,389503,0,389503,Search and Destroy
tt0114388,43182776,91400000,134582776,Sense and Sensibility
tt0114435,2702578,0,2702578,The Show
tt0114436,20350754,0,20350754,Showgirls
tt0114474,155239,0,155239,Small Faces
tt0114478,8367636,0,8367636,Smoke
tt0114496,50865589,0,50865589,Something to Talk About
tt0114508,60074103,53300000,113374103,Species
tt0114534,99318,0,99318,The Stars Fell on Henrietta
tt0114536,3150170,0,3150170,Steal Big Steal Little
tt0114550,692400,0,692400,Stonewall
tt0114558,7959291,0,7959291,Strange Days
tt0114571,912082,0,912082,Stuart Saves His Family
tt0114576,20350171,44000000,64350171,Sudden Death
tt0114592,102350,0,102350,Sweet Nothing
tt0114594,382928,0,382928,Swimming with Sharks
tt0114608,21089146,0,21089146,Tales from the Crypt: Demon Knight
tt0114609,11837928,0,11837928,Tales from the Hood
tt0114614,4064495,0,4064495,Tank Girl
tt0114616,6235,0,6235,Tarantella
tt0114660,529766,0,529766,Things to Do in Denver When You're Dead
tt0114663,7027517,0,7027517,Three Wishes
tt0114666,5772529,57925,5830454,The Tie That Binds
tt0114671,228800,0,228800,Land and Freedom
tt0114681,21284514,0,21284514,To Die For
tt0114682,36474193,11300000,47774193,"To Wong Foo Thanks for Everything, Julie Newmar"
tt0114694,32679899,0,32679899,Tommy Boy
tt0114697,5093707,0,5093707,Top Dog
tt0114702,340139,0,340139,Total Eclipse
tt0114709,222498679,183339954,405838633,Toy Story
tt0114746,57141459,111698000,168839459,12 Monkeys
tt0114753,26282,0,26282,Two Bits
tt0114781,50024083,54300000,104324083,Under Siege 2: Dark Territory
tt0114787,171082,0,171082,Underground
tt0114788,536023,0,536023,The Underneath
tt0114798,7929434,0,7929434,Unstrung Heroes
tt0114805,2875086,0,2875086,Unzipped
tt0114808,371674,0,371674,The Star Maker
tt0114814,23341568,0,23341568,The Usual Suspects
tt0114825,19751736,0,19751736,Vampire in Brooklyn
tt0114852,9418365,0,9418365,Village of the Damned
tt0114857,24047675,0,24047675,Virtuosity
tt0114885,67052156,14400000,81452156,Waiting to Exhale
tt0114887,50008143,0,50008143,A Walk in the Clouds
tt0114888,6014341,0,6014341,The Walking Dead
tt0114898,88246220,175972000,264218220,Waterworld
tt0114906,4569019,0,4569019,Welcome to the Dollhouse
tt0114916,919671,0,919671,When Night Is Falling
tt0114924,81057016,101000000,182057016,While You Were Sleeping
tt0114928,3734870,0,3734870,White Man's Burden
tt0114937,686152,0,686152,Wigstock: The Movie
tt0114938,2193982,0,2193982,Wild Bill
tt0114952,15054636,0,15054636,Wings of Courage
tt0115005,1010933,0,1010933,Xiu Xiu: The Sent-Down Girl
tt0115012,2086101,0,2086101,Shanghai Triad
tt0115033,536825,0,536825,The Young Poisoner's Handbook
tt0115433,136189294,184500000,320689294,101 Dalmatians
tt0115438,11132210,0,11132210,2 Days in the Valley
tt0115472,15094530,0,15094530,The Adventures of Pinocchio
tt0115493,11829959,0,11829959,Alaska
tt0115495,339379,0,339379,Albino Alligator
tt0115509,8620678,0,8620678,All Dogs Go to Heaven II
tt0115530,665450,0,665450,American Buffalo
tt0115531,1910,0,1910,American Strays
tt0115571,14063331,0,14063331,The Arrival
tt0115580,12844057,0,12844057,The Associate
tt0115591,69081,0,69081,August
tt0115600,450060,0,450060,Bitter Sugar
tt0115610,1055525,0,1055525,Bad Moon
tt0115624,3793614,0,3793614,Barb Wire
tt0115632,3011195,0,3011195,Basquiat
tt0115639,10597759,0,10597759,Beautiful Girls
tt0115640,1548120,0,1548120,Beautiful Thing
tt0115641,63118386,0,63118386,Beavis and Butt-Head Do America
tt0115644,19030691,8284836,27315527,Bed of Roses
tt0115645,8797839,0,8797839,Before and After
tt0115669,1113103,0,1113103,The King of Masks
tt0115676,2042530,0,2042530,Big Bully
tt0115678,12008376,0,12008376,Big Night
tt0115683,13427615,0,13427615,Bio-Dome
tt0115684,3652,0,3652,Bird of Prey
tt0115685,124060553,61200000,185260553,The Birdcage
tt0115693,12504289,0,12504289,Black Mask
tt0115697,32417995,0,32417995,Black Sheep
tt0115710,1094668,0,1094668,Blood and Wine
tt0115725,4357406,0,4357406,Bogus
tt0115734,560069,0,560069,Bottle Rocket
tt0115736,3802260,0,3802260,Bound
tt0115738,782641,0,782641,Box of Moonlight
tt0115742,516349,0,516349,Boys
tt0115744,2576331,0,2576331,Brassed Off
tt0115751,3803298,0,3803298,Breaking the Waves
tt0115754,16299,0,16299,Breathing Room
tt0115759,70770147,79500000,150270147,Broken Arrow
tt0115760,541377,0,541377,Broken English
tt0115783,21576954,1035000,22611954,Bulletproof
tt0115798,60240295,42585501,102825796,The Cable Guy
tt0115832,25845,0,25845,Carla's Song
tt0115836,3325651,0,3325651,Carpool
tt0115837,290978,0,290978,Carried Away
tt0115851,9255027,0,9255027,Celtic Pride
tt0115856,1474628,0,1474628,When the Cat's Away
tt0115857,21226204,38983130,60209334,Chain Reaction
tt0115862,14551359,7989000,22540359,The Chamber
tt0115880,3804,0,3804,Childhood's End
tt0115886,838368,0,838368,Children of the Revolution
tt0115906,285112,0,285112,Citizen Ruth
tt0115907,20340204,0,20340204,City Hall
tt0115927,548561,0,548561,Commandments
tt0115940,198126,0,198126,A Summer's Tale
tt0115951,35489,0,35489,Cosi
tt0115956,59031057,41829761,100860818,Courage Under Fire
tt0115963,24819936,0,24819936,The Craft
tt0115964,2664812,0,2664812,Crash
tt0115986,17917287,0,17917287,The Crow: City of Angels
tt0115988,7343114,0,7343114,The Crucible
tt0115994,49620,0,49620,Curdled
tt0116000,22955097,0,22955097,D3: The Mighty Ducks
tt0116040,33023469,126189000,159212469,Daylight
tt0116041,2099677,0,2099677,The Daytrippers
tt0116059,7138523,0,7138523,Dear God
tt0116095,17100266,0,17100266,Diabolique
tt0116102,300645,0,300645,Different for Girls
tt0116116,5814,0,5814,Devil's Island
tt0116126,20109115,0,20109115,Don't Be a Menace to South Central While Drinking Your Juice in the Hood
tt0116130,25785603,11768149,37553752,Down Periscope
tt0116136,51367375,63900000,115267375,DragonHeart
tt0116141,24727,0,24727,Dream for an Insomniac
tt0116151,9871065,0,9871065,Dunston Checks In
tt0116165,4422380,0,4422380,Ed
tt0116167,106791,0,106791,Ed's Next Move
tt0116168,31387164,0,31387164,Eddie
tt0116191,22231658,0,22231658,Emma
tt0116192,4688,0,4688,The Empty Mirror
tt0116209,78676425,153300000,231976425,The English Patient
tt0116213,101295562,141000000,242295562,Eraser
tt0116225,25477365,0,25477365,Escape from L.A.
tt0116240,12767815,0,12767815,The Evening Star
tt0116242,9759200,0,9759200,Everyone Says I Love You
tt0116250,50047179,91000000,141047179,Evita
tt0116253,56569216,65400000,121969216,Executive Decision
tt0116259,17380126,0,17380126,Extreme Measures
tt0116260,26877589,0,26877589,Eye for an Eye
tt0116269,2104439,0,2104439,Faithful
tt0116275,10125417,0,10125417,A Family Thing
tt0116277,18626419,0,18626419,The Fan
tt0116282,24611975,36000000,60611975,Fargo
tt0116287,20831000,0,20831000,Fear
tt0116289,3124440,0,3124440,Feeling Minnesota
tt0116293,926954,0,926954,Female Perversions
tt0116295,1100788,0,1100788,Temptress Moon
tt0116311,26491793,0,26491793,First Kid
tt0116313,105489203,76000000,181489203,The First Wives Club
tt0116320,17193231,0,17193231,Fled
tt0116322,20080020,0,20080020,Flipper
tt0116324,14702438,0,14702438,Flirting with Disaster
tt0116329,25143818,0,25143818,Fly Away Home
tt0116332,41628,0,41628,For Better or Worse
tt0116334,25000,0,25000,For Ever Mozart
tt0116344,26459,0,26459,Forgotten Silver
tt0116353,269300,0,269300,Foxfire
tt0116361,295493,0,295493,Freeway
tt0116365,16759216,12600000,29359216,The Frighteners
tt0116367,25836616,0,25836616,From Dusk Till Dawn
tt0116378,1227324,0,1227324,The Funeral
tt0116379,14760,0,14760,The Break
tt0116384,532629,0,532629,Gabbeh
tt0116404,5754249,0,5754249,Get on the Bus
tt0116405,197322,0,197322,Getting Away with Murder
tt0116409,38619405,0,38619405,The Ghost and the Darkness
tt0116410,13323144,0,13323144,Ghosts of Mississippi
tt0116414,4939939,0,4939939,Girl 6
tt0116418,503667,0,503667,Girls Town
tt0116421,20351264,0,20351264,The Glimmer Man
tt0116422,15134,0,15134,Glory Daze
tt0116439,39962,0,39962,Good Luck
tt0116442,660313,0,660313,Grace of My Heart
tt0116447,29090,0,29090,Gray's Anatomy
tt0116448,8008255,0,8008255,The Great White Hype
tt0116465,4134,0,4134,Guy
tt0116477,4708156,31033,4739189,Hamlet
tt0116480,50000,0,50000,Hamsun
tt0116481,563482,0,563482,Hands on a Hardbody: The Documentary
tt0116483,38824099,2381000,41205099,Happy Gilmore
tt0116488,14540,0,14540,Hard Core Logo
tt0116493,26570048,0,26570048,Harriet the Spy
tt0116502,32212,0,32212,Head Above Water
tt0116508,5009305,0,5009305,Heaven's Prisoners
tt0116514,9336886,0,9336886,Hellraiser: Bloodline
tt0116531,21302121,0,21302121,High School High
tt0116538,12500,0,12500,Hit Me
tt0116552,32772492,0,32772492,Homeward Bound II: Lost in San Francisco
tt0116565,165845,0,165845,Hotel de Love
tt0116571,7032782,0,7032782,House Arrest
tt0116581,416401,32615583,33031984,The Eighth Day
tt0116583,100138851,225200000,325338851,The Hunchback of Notre Dame
tt0116592,20677,0,20677,"I Love You, I Love You Not"
tt0116594,1875527,0,1875527,I Shot Andy Warhol
tt0116595,8526,0,8526,I Was a Jewish Sex Worker
tt0116601,26011,0,26011,I'm Not Rappaport
tt0116606,2420162,0,2420162,If Lucy Fell
tt0116621,14481231,10891063,25372294,In Love and War
tt0116629,306169268,511231623,817400891,Independence Day
tt0116635,195170,0,195170,Infinity
tt0116643,53662,0,53662,Intimate Relations
tt0116650,282310,0,282310,Irma Vep
tt0116654,27663982,21963797,49627779,The Island of Dr. Moreau
tt0116669,58620973,0,58620973,Jack
tt0116683,28946127,0,28946127,James and the Giant Peach
tt0116684,5200601,0,5200601,Jane Eyre
tt0116692,181881,0,181881,Beyond Silence
tt0116695,153952592,119600000,273552592,Jerry Maguire
tt0116704,15318863,6571982,21890845,Police Story 4: First Strike
tt0116705,60592389,69240000,129832389,Jingle All the Way
tt0116707,4619014,0,4619014,Joe's Apartment
tt0116714,50789,0,50789,Johns
tt0116722,409144,0,409144,Jude
tt0116731,22754725,0,22754725,The Juror
tt0116743,4109095,0,4109095,Kama Sutra: A Tale of Love
tt0116745,1356329,0,1356329,Kansas City
tt0116748,45200,0,45200,Karobaar: The Business of Love
tt0116754,790078,100000,890078,Prisoner of the Mountains
tt0116756,18937262,0,18937262,Kazaam
tt0116762,57252,0,57252,Keys to Tulsa
tt0116768,2654308,0,2654308,Kids in the Hall: Brain Candy
tt0116778,25023434,0,25023434,Kingpin
tt0116783,329211,0,329211,Kissed
tt0116790,5770254,0,5770254,Kolya
tt0116823,8315693,0,8315693,Larger Than Life
tt0116827,5939449,0,5939449,Last Dance
tt0116830,18115927,29151074,47267001,Last Man Standing
tt0116833,7682,0,7682,The Last of the High Kings
tt0116839,2409225,0,2409225,Lawnmower Man 2: Beyond Cyberspace
tt0116845,18012,0,18012,The Leading Man
tt0116851,5294,0,5294,Leila
tt0116860,211,0,211,"Pretty Village, Pretty Flame"
tt0116866,27000,0,27000,Level Five
tt0116882,301548,0,301548,Lilies
tt0116886,50605,0,50605,The Line King: The Al Hirschfeld Story
tt0116905,12408986,0,12408986,Lone Star
tt0116908,33447612,56009149,89456761,The Long Kiss Goodnight
tt0116913,1408575,0,1408575,Looking for Richard
tt0116920,64161,0,64161,Losing Chase
tt0116922,3675201,0,3675201,Lost Highway
tt0116928,61875,0,61875,Love Is All There Is
tt0116930,604523,0,604523,Love Serenade
tt0116931,294212,0,294212,Love and Other Catastrophes
tt0116953,107874,0,107874,Mad Dog Time
tt0116980,42056,0,42056,Mandela
tt0116985,502313,0,502313,Manny & Lo
tt0116996,37771017,63600000,101371017,Mars Attacks!
tt0116999,12803305,0,12803305,Marvin's Room
tt0117002,5707094,6672308,12379402,Mary Reilly
tt0117008,33459416,0,33459416,Matilda
tt0117011,14502483,0,14502483,Maximum Risk
tt0117025,2967,0,2967,Mercy
tt0117038,95318203,24400000,119718203,Michael
tt0117039,11092559,0,11092559,Michael Collins
tt0117040,1433210,0,1433210,Microcosmos
tt0117050,686704,0,686704,A Chef in Love
tt0117056,69915,0,69915,The Mirror
tt0117057,41083864,0,41083864,The Mirror Has Two Faces
tt0117060,180981856,276714503,457696359,Mission: Impossible
tt0117071,3486957,0,3486957,Moll Flanders
tt0117091,19145198,0,19145198,Mother
tt0117093,403701,0,403701,Mother Night
tt0117102,12825141,0,12825141,Mr. Wrong
tt0117104,10082005,0,10082005,Mrs. Winterbourne
tt0117107,11526099,0,11526099,Mulholland Falls
tt0117108,21075014,0,21075014,Multiplicity
tt0117110,34327391,0,34327391,Muppet Treasure Island
tt0117119,22313201,0,22313201,My Fellow Americans
tt0117128,1007306,0,1007306,Mystery Science Theater 3000: The Movie
tt0117132,3744,0,3744,A Girl Called Rosemary
tt0117202,22891,0,22891,Normal Life
tt0117218,128814019,145147000,273961019,The Nutty Professor
tt0117247,46151454,51378096,97529550,One Fine Day
tt0117260,3718087,0,3718087,Original Gangstas
tt0117283,5656388,0,5656388,The Pallbearer
tt0117284,365284,0,365284,Palookaville
tt0117318,20300385,0,20300385,The People vs. Larry Flynt
tt0117320,134485,0,134485,A Perfect Candidate
tt0117331,17323326,0,17323326,The Phantom
tt0117332,1383553,0,1383553,Phat Beach
tt0117333,104636382,47400000,152036382,Phenomenon
tt0117350,71145,0,71145,Plump Fiction
tt0117359,1300377,0,1300377,Ponette
tt0117364,3692836,0,3692836,The Portrait of a Lady
tt0117372,48102795,0,48102795,The Preacher's Wife
tt0117381,56116183,46500000,102616183,Primal Fear
tt0117398,592543,0,592543,The Promise
tt0117420,21686547,35714000,57400547,The Quest
tt0117427,1945552,0,1945552,Race the Sun
tt0117438,136492681,173000000,309492681,Ransom
tt0117457,52665,0,52665,Reggie's Prayer
tt0117473,8543587,0,8543587,The Rich Man's Wife
tt0117477,1979768,0,1979768,Ridicule
tt0117482,79727,0,79727,Ripe
tt0117500,134069511,200993110,335062621,The Rock
tt0117509,46351345,101203653,147554998,Romeo + Juliet
tt0117550,220198,0,220198,Santa with Muscles
tt0117561,10580,0,10580,Schizopolis
tt0117571,103046663,70000000,173046663,Scream
tt0117577,71314,0,71314,The Search for One-eye Jimmy
tt0117582,106606,0,106606,The Secret Agent
tt0117589,13417292,0,13417292,Secrets & Lies
tt0117603,36461139,5129747,41590886,Set It Off
tt0117608,30356793,7600000,37956793,Sgt. Bilko
tt0117615,9499091,0,9499091,Shall We Dance?
tt0117628,9538948,0,9538948,She's the One
tt0117631,35892330,102389,35994719,Shine
tt0117638,2970,0,2970,The Shot
tt0117665,53315285,112300000,165615285,Sleepers
tt0117666,24444121,0,24444121,Sling Blade
tt0117669,20819,0,20819,Small Wonders
tt0117677,2068490,0,2068490,Snowriders
tt0117688,5107669,0,5107669,Solo
tt0117690,671437,0,671437,Some Mother's Son
tt0117695,3303,0,3303,I'm Crazy About Iris Blond
tt0117705,90418342,140000000,230418342,Space Jam
tt0117718,12658486,0,12658486,The Spitfire Grill
tt0117723,26960191,0,26960191,Spy Hard
tt0117731,92027888,54000000,146027888,Star Trek: First Contact
tt0117737,4722310,40000,4762310,Stealing Beauty
tt0117739,4224,0,4224,Stella Does Tricks
tt0117765,33109743,80200000,113309743,Striptease
tt0117768,2491989,0,2491989,The Stupids
tt0117773,31638,0,31638,The Substance of Fire
tt0117774,14818176,0,14818176,The Substitute
tt0117781,21508,0,21508,The Sunchaser
tt0117784,10163782,0,10163782,Sunset Park
tt0117786,12716953,6097767,18814720,Mr. Nice Guy
tt0117791,2021348,0,2021348,Surviving Picasso
tt0117802,4555020,0,4555020,Swingers
tt0117817,4769,0,4769,The Other Side of Sunday
tt0117826,5781045,0,5781045,Bordello of Blood
tt0117873,3204,0,3204,Tell the Truth and Run: George Seldes and the American Press
tt0117887,25857416,8728000,34585416,That Thing You Do!
tt0117891,34767836,831967,35599803,A Thin Line Between Love and Hate
tt0117894,15315484,0,15315484,Thinner
tt0117898,51618,0,51618,"This World, Then the Fireworks"
tt0117905,17676,0,17676,Comrades: Almost a Love Story
tt0117913,108766007,43500000,152266007,A Time to Kill
tt0117918,53854588,0,53854588,Tin Cup
tt0117924,4189233,0,4189233,To Gillian on Her 37th Birthday
tt0117951,16491080,0,16491080,Trainspotting
tt0117958,749741,0,749741,Trees Lounge
tt0117965,3622979,0,3622979,The Trigger Effect
tt0117969,21264,0,21264,Trojan Eddie
tt0117979,34861807,0,34861807,The Truth About Cats & Dogs
tt0117991,588621,0,588621,Twelfth Night or What You Will
tt0117998,241721524,252750000,494471524,Twister
tt0118001,1141556,0,1141556,Two Much
tt0118002,10658278,0,10658278,Two If by Sea
tt0118015,92806,0,92806,Un air de famille
tt0118040,2821671,0,2821671,Unforgettable
tt0118043,50935,0,50935,The Ogre
tt0118044,272542,0,272542,Unhook the Stars
tt0118055,51088705,49600000,100688705,Up Close & Personal
tt0118064,712095,0,712095,The Van
tt0118073,21440752,0,21440752,A Very Brady Sequel
tt0118100,1018682,0,1018682,Thieves
tt0118111,2923982,0,2923982,Waiting for Guffman
tt0118113,1287480,0,1287480,Walking and Talking
tt0118117,44722,0,44722,The War at Home
tt0118125,1989,0,1989,The Watermelon Woman
tt0118127,44052,0,44052,Wedding Bell Blues
tt0118147,2789985,0,2789985,When We Were Kings
tt0118158,10292300,0,10292300,White Squall
tt0118163,375757,0,375757,The Whole Wide World
tt0118174,26004,0,26004,The Winner
tt0118200,143355,0,143355,X
tt0118201,51950,0,51950,Will It Snow for Christmas?
tt0118301,15064946,0,15064946,Dead Man on Campus
tt0118523,3525125,0,3525125,'Til There Was You
tt0118531,5727130,0,5727130,One Eight Seven
tt0118539,375805,0,375805,3 Ninjas: High Noon at Mega Mountain
tt0118540,130146,0,130146,4 Little Girls
tt0118541,3602884,0,3602884,8 Heads in a Duffel Bag
tt0118548,50068310,0,50068310,Absolute Power
tt0118556,34673095,0,34673095,Addicted to Love
tt0118564,6330054,0,6330054,Affliction
tt0118566,2465960,0,2465960,Afterglow
tt0118570,23144499,0,23144499,Air Bud
tt0118571,172956409,142200000,315156409,Air Force One
tt0118577,45779,7071,52850,An Alan Smithee Film: Burn Hollywood Burn
tt0118583,47795658,113580410,161376068,Alien Resurrection
tt0118586,292577,0,292577,All Over Me
tt0118589,4274407,997259,5271666,Glitter
tt0118604,26570463,0,26570463,An American Werewolf in Paris
tt0118607,44229441,0,44229441,Amistad
tt0118615,65885767,71000000,136885767,Anaconda
tt0118617,58406347,81398001,139804348,Anastasia
tt0118623,858553,0,858553,Anna Karenina
tt0118632,19868354,0,19868354,The Apostle
tt0118636,8863193,0,8863193,Apt Pupil
tt0118647,332597,0,332597,The Assignment
tt0118655,53883989,13800000,67683989,Austin Powers: International Man of Mystery
tt0118661,23384939,0,23384939,The Avengers
tt0118662,205246,0,205246,Ayn Rand: A Sense of Life
tt0118663,7246735,91544,7338279,B*A*P*S
tt0118665,27250736,9200000,36450736,Baby Geniuses
tt0118671,31687,0,31687,Bad Manners
tt0118688,107353792,130882123,238235915,Batman & Robin
tt0118689,45319423,205893247,251212670,Bean
tt0118691,11486880,0,11486880,The Beautician and the Beast
tt0118694,2738980,10115973,12854953,In the Mood for Love
tt0118698,496059,0,496059,Bent
tt0118708,31480418,0,31480418,Beverly Hills Ninja
tt0118709,3109,0,3109,Beyond Barbed Wire
tt0118715,17451873,28690764,46142637,The Big Lebowski
tt0118736,146125,0,146125,Six-String Samurai
tt0118742,294064,0,294064,Bliss
tt0118744,13583690,0,13583690,Hush
tt0118747,14051384,0,14051384,Blues Brothers 2000
tt0118749,26400640,16700954,43101594,Boogie Nights
tt0118750,20050376,0,20050376,Booty Call
tt0118755,22619589,0,22619589,The Borrowers
tt0118760,5980578,10554000,16534578,The Boxer
tt0118762,532654,0,532654,Boys Life 2
tt0118764,4602341,0,4602341,Les Boys
tt0118766,52819,0,52819,Southie
tt0118771,50159144,0,50159144,Breakdown
tt0118772,11690,0,11690,Breaking Up
tt0118783,52632,0,52632,A Brother's Kiss
tt0118787,10113400,0,10113400,Buddy
tt0118789,2375097,0,2375097,Buffalo '66
tt0118798,26528185,2674699,29202884,Bulworth
tt0118799,57563264,171830000,229393264,Life Is Beautiful
tt0118804,1995911,0,1995911,The Butcher Boy
tt0118818,2416734,0,2416734,Career Girls
tt0118819,1713459,0,1713459,Live Flesh
tt0118826,877621,0,877621,The Castle
tt0118829,3566637,0,3566637,Cats Don't Dance
tt0118836,181233,0,181233,Chairman of the Board
tt0118840,19140,0,19140,The Manson Family
tt0118842,12021272,0,12021272,Chasing Amy
tt0118843,351447,0,351447,"Black Cat, White Cat"
tt0118845,320319,0,320319,Happy Together
tt0118849,933933,0,933933,Children of Heaven
tt0118851,2178160,0,2178160,Chinese Box
tt0118859,1568258,0,1568258,City of Industry
tt0118863,1794086,0,1794086,Clay Pigeons
tt0118866,537948,0,537948,Clockwatchers
tt0118870,5171,0,5171,Cold Around the Heart
tt0118880,101117573,122894661,224012234,Con Air
tt0118883,75982834,61000000,136982834,Conspiracy Theory
tt0118884,100920329,70200000,171120329,Contact
tt0118887,44862187,0,44862187,Cop Land
tt0118892,4553271,0,4553271,Dangerous Beauty
tt0118894,1295194,0,1295194,Cousin Bette
tt0118900,5906773,0,5906773,Gang Related
tt0118901,221193,0,221193,Critical Care
tt0118925,676631,0,676631,"Dancer, Texas Pop. 81"
tt0118926,2377348,2850000,5227348,The Dancer Upstairs
tt0118927,5303931,102811,5406742,Dangerous Ground
tt0118928,67127760,111000000,178127760,Dante's Peak
tt0118929,14378331,12821985,27200316,Dark City
tt0118954,10686841,0,10686841,Deconstructing Harry
tt0118956,11203026,0,11203026,Deep Rising
tt0118964,215292,0,215292,The Designated Mourner
tt0118966,13806137,0,13806137,Desperate Measures
tt0118971,60944660,92000000,152944660,The Devil's Advocate
tt0118972,42868348,97939199,140807547,The Devil's Own
tt0118980,43961,0,43961,Digging to China
tt0118994,3210,0,3210,Do You Wanna Dance?
tt0118998,144156605,150300000,294456605,Doctor Dolittle
tt0119002,831,0,831,Doing Time for Patsy Cline
tt0119008,41909762,83000000,124909762,Donnie Brasco
tt0119013,11438337,0,11438337,Double Team
tt0119019,543708,0,543708,Dream with the Fishes
tt0119033,1086181,0,1086181,Dï¿½ï¿½ï¿
tt0119038,4071548,0,4071548,Le Dï¿½ï¿½ï¿½ï¿½ï
tt0119049,4210,0,4210,Eden
tt0119051,27873386,15438908,43312294,The Edge
tt0119052,323411,0,323411,The Education of Little Tree
tt0119053,6136856,0,6136856,Almost Heroes
tt0119054,9090,0,9090,Eight Days a Week
tt0119062,386673,0,386673,The End of Violence
tt0119079,206128,0,206128,Onegin
tt0119080,14842388,0,14842388,Eve's Bayou
tt0119081,26673242,0,26673242,Event Horizon
tt0119086,14515490,0,14515490,Excess Baggage
tt0119094,112276146,133400000,245676146,Face/Off
tt0119095,14059077,0,14059077,FairyTale: A True Story
tt0119098,51266,0,51266,Fall
tt0119099,25232289,0,25232289,Fallen
tt0119107,878960,0,878960,"Fast, Cheap & Out of Control"
tt0119109,28598376,0,28598376,Fathers' Day
tt0119114,3736,0,3736,Fever Pitch
tt0119115,9381260,0,9381260,Fierce Creatures
tt0119116,63820180,200100000,263920180,The Fifth Element
tt0119123,16228448,0,16228448,Fire Down Below
tt0119125,785482,0,785482,Firelight
tt0119137,92977226,85000000,177977226,Flubber
tt0119138,52155,0,52155,Follow Me Home
tt0119141,29481428,0,29481428,Fools Rush In
tt0119142,31642995,1106000,32748995,For Richer or Poorer
tt0119152,3446539,0,3446539,Free Willy 3: The Rescue
tt0119164,45950122,211988527,257938649,The Full Monty
tt0119165,15313,0,15313,Full Tilt Boogie
tt0119173,48169156,0,48169156,G.I. Jane
tt0119174,48323648,61100000,109423648,The Game
tt0119177,12532777,0,12532777,Gattaca
tt0119190,105263257,69200000,174463257,George of the Jungle
tt0119196,1677131,0,1677131,The Gingerbread Man
tt0119207,55970,0,55970,"God Said, 'Ha!'"
tt0119209,113069,0,113069,Going All the Way
tt0119210,6492660,0,6492660,Switchback
tt0119214,19745922,0,19745922,Gone Fishin'
tt0119215,23712993,0,23712993,Good Burger
tt0119217,138433435,87500000,225933435,Good Will Hunting
tt0119219,1940299,0,1940299,Goodbye Lover
tt0119223,26420672,29073394,55494066,Great Expectations
tt0119225,5571205,0,5571205,Gridlock'd
tt0119229,28084357,0,28084357,Grosse Pointe Blank
tt0119237,116799,0,116799,Gummo
tt0119242,77998,0,77998,Genealogies of a Crime
tt0119248,384793,0,384793,Steam: The Turkish Bath
tt0119250,500000,0,500000,Fireworks
tt0119256,222559,0,222559,Hard Eight
tt0119278,23946,0,23946,Chicago Cab
tt0119280,9229808,0,9229808,Mrs Brown
tt0119282,99112101,153600000,252712101,Hercules
tt0119303,30882515,48200000,79082515,Home Alone 3
tt0119304,10493366,0,10493366,Home Fries
tt0119305,77910,0,77910,Homegrown
tt0119311,23499102,0,23499102,Hoodlum
tt0119313,60053195,21418687,81471882,Hope Floats
tt0119314,75383563,111500000,186883563,The Horse Whisperer
tt0119324,626057,0,626057,The House of Yes
tt0119326,14009368,0,14009368,How to Be a Player
tt0119327,13330,0,13330,Hugo Pool
tt0119336,1798862,0,1798862,Hurlyburly
tt0119338,375634,0,375634,Hurricane Streets
tt0119345,72586134,53000000,125586134,I Know What You Did Last Summer
tt0119346,206272,0,206272,I Married a Strange Person!
tt0119347,1672,0,1672,I Want You
tt0119349,8038061,0,8038061,The Ice Storm
tt0119352,8329,0,8329,Ill Gotten Gains
tt0119360,63856929,0,63856929,In & Out
tt0119361,2804473,0,2804473,In the Company of Men
tt0119375,227569,0,227569,Insomnia
tt0119381,5936344,0,5936344,Inventing the Abbotts
tt0119395,54930280,104400000,159330280,The Jackal
tt0119396,39673162,0,39673162,Jackie Brown
tt0119429,51942,0,51942,Julian Po
tt0119432,59927618,0,59927618,Jungle 2 Jungle
tt0119448,623983,0,623983,Character
tt0119465,1918497,0,1918497,"Kiss Me, Guido"
tt0119467,796681,0,796681,Kiss or Kill
tt0119468,60527873,0,60527873,Kiss the Girls
tt0119472,5710,0,5710,Knockin' on Heaven's Door
tt0119484,6112613,0,6112613,Kull the Conqueror
tt0119485,5684789,0,5684789,Kundun
tt0119488,64616940,61600000,126216940,L.A. Confidential
tt0119494,238497,0,238497,The Land Girls
tt0119502,46362,0,46362,The Last Time I Committed Suicide
tt0119506,106404,0,106404,Lawn Dogs
tt0119509,10925060,0,10925060,Leave It to Beaver
tt0119512,1069540,1041740,2111280,Left Luggage
tt0119517,4714658,0,4714658,Your Friends & Neighbors
tt0119527,572433,0,572433,Deceiver
tt0119528,181410615,121300000,302710615,Liar Liar
tt0119534,59864,0,59864,The Alarmist
tt0119535,4366722,0,4366722,A Life Less Ordinary
tt0119547,12958,0,12958,Little Boy Blue
tt0119557,40158,0,40158,The Locusts
tt0119558,1071255,0,1071255,Lolita
tt0119560,222099,0,222099,No Looking Back
tt0119561,60509,0,60509,The Long Way Home
tt0119567,229086679,389552320,618638999,The Lost World: Jurassic Park
tt0119572,12479335,303414,12782749,Love Jones
tt0119574,2581012,0,2581012,Love and Death on Long Island
tt0119577,354004,0,354004,Love Is the Devil: Study for a Portrait of Francis Bacon
tt0119578,2977807,0,2977807,Love! Valour! Compassion!
tt0119586,394079,0,394079,Lucie Aubrac
tt0119590,2162043,0,2162043,Ma Vie en Rose
tt0119592,10541523,0,10541523,Mad City
tt0119594,15055091,0,15055091,Twilight
tt0119620,285038,0,285038,Marius and Jeannette
tt0119621,2297096,0,2297096,Mark Twain's America in 3D
tt0119630,1935539,0,1935539,Masterminds
tt0119632,3392080,0,3392080,The MatchMaker
tt0119640,4529843,0,4529843,McHale's Navy
tt0119643,44619100,98321000,142940100,Meet Joe Black
tt0119644,4073582,0,4073582,Meet Wally Sparks
tt0119654,250690539,338700000,589390539,Men in Black
tt0119657,910773,0,910773,Men with Guns
tt0119664,32000301,0,32000301,Metro
tt0119665,26682,0,26682,Metroland
tt0119668,25105255,0,25105255,Midnight in the Garden of Good and Evil
tt0119670,2652246,0,2652246,The Mighty
tt0119675,25480490,0,25480490,Mimic
tt0119683,14096321,0,14096321,Les Misï¿½ï¿½ï¿
tt0119695,40922619,7484992,48407611,Money Talks
tt0119698,3799185,157134505,160933690,Princess Mononoke
tt0119707,35927406,15449455,51376861,Mortal Kombat: Annihilation
tt0119709,6391946,5446272,11838218,Most Wanted
tt0119715,61917389,60500000,122417389,Mousehunt
tt0119717,301796,0,301796,Mr. Jealousy
tt0119718,21437192,0,21437192,Mr. Magoo
tt0119723,3309421,0,3309421,Mrs Dalloway
tt0119731,25804707,0,25804707,Murder at 1600
tt0119734,118475,0,118475,Music from Another Room
tt0119738,127120029,172168576,299288605,My Best Friend's Wedding
tt0119743,417683,0,417683,My Son the Fanatic
tt0119746,523025,0,523025,The Myth of Fingerprints
tt0119773,14919,0,14919,Dry Cleaning
tt0119778,3395581,0,3395581,Next Stop Wonderland
tt0119780,214661,0,214661,"Niagara, Niagara"
tt0119783,9889670,0,9889670,Night Falls on Manhattan
tt0119784,125397,0,125397,The Night Flier
tt0119791,1179002,0,1179002,Nightwatch
tt0119792,266130,0,266130,Nil by Mouth
tt0119802,333760,0,333760,Monument Ave.
tt0119807,44480039,0,44480039,Nothing to Lose
tt0119809,194201,0,194201,Nowhere
tt0119815,397517,0,397517,Four Days in September
tt0119819,76054,0,76054,Office Killer
tt0119822,148478011,165700000,314178011,As Good as It Gets
tt0119832,2642983,0,2642983,One Night Stand
tt0119837,52436,0,52436,The Only Thrill
tt0119842,54754,0,54754,Orphans
tt0119843,1897404,0,1897404,Oscar and Lucinda
tt0119848,29022252,1694649,30716901,Out to Sea
tt0119859,2007100,0,2007100,Paradise Road
tt0119874,41263140,69200000,110463140,The Peacemaker
tt0119887,3600616,0,3600616,The Pest
tt0119891,5624282,0,5624282,Phantoms
tt0119892,45661,0,45661,Phoenix
tt0119896,31407873,12924142,44332015,Picture Perfect
tt0119899,505335,0,505335,Pippi Longstocking
tt0119901,895788,0,895788,Place Vendï¿½ï
tt0119905,23047939,213546,23261485,The Players Club
tt0119906,4166918,0,4166918,Playing God
tt0119910,692588,0,692588,Polish Wedding
tt0119920,783,0,783,Port Djema
tt0119925,17626234,0,17626234,The Postman
tt0119934,777423,0,777423,Without Limits
tt0119937,589304,0,589304,Prefontaine
tt0119942,39001187,13089000,52090187,Primary Colors
tt0119951,41230799,0,41230799,Private Parts
tt0119978,45916769,0,45916769,The Rainmaker
tt0119986,4960,0,4960,Reach the Rock
tt0119987,83488,0,83488,The Real Blonde
tt0119988,6754958,0,6754958,Caught Up
tt0119994,22459274,0,22459274,Red Corner
tt0120001,33131,0,33131,Behind the Lines
tt0120004,33956608,0,33956608,The Relic
tt0120008,19204929,0,19204929,The Replacement Killers
tt0120014,1608277,0,1608277,Rhyme & Reason
tt0120018,250899,0,250899,The Swindle
tt0120029,15448043,0,15448043,RocketMan
tt0120032,29235353,0,29235353,Romy and Michele's High School Reunion
tt0120034,123330,0,123330,Roseanna's Grave
tt0120036,13130349,0,13130349,Rosewood
tt0120053,61363304,56700000,118063304,The Saint
tt0120070,14328,0,14328,Savior
tt0120082,101363301,71000000,172363301,Scream 2
tt0120087,346056,0,346056,The Second Jungle Book: Mowgli & Baloo
tt0120094,35281794,0,35281794,Selena
tt0120102,37957682,93500000,131457682,Seven Years in Tibet
tt0120107,2312463,0,2312463,Shadow Conspiracy
tt0120108,147773,0,147773,The Proposition
tt0120112,7281450,0,7281450,She's So Lovely
tt0120113,17162,0,17162,2by4
tt0120117,40712,0,40712,Shikari
tt0120118,1007822,0,1007822,Shiloh
tt0120122,375261,0,375261,Shooting Fish
tt0120133,8345056,0,8345056,A Simple Wish
tt0120142,14772788,0,14772788,The Sixth Man
tt0120148,11841544,0,11841544,Sliding Doors
tt0120151,3330352,0,3330352,A Smile Like Yours
tt0120152,2372903,0,2372903,Smilla's Sense of Snow
tt0120157,14594226,0,14594226,Soldier
tt0120169,43700855,0,43700855,Soul Food
tt0120176,9584314,0,9584314,The Spanish Prisoner
tt0120177,54870175,32969867,87840042,Spawn
tt0120179,48608066,115900000,164508066,Speed 2: Cruise Control
tt0120184,37020277,0,37020277,Sphere
tt0120185,29342592,0,29342592,Spice World
tt0120188,60652036,47100000,107752036,Three Kings
tt0120190,7575028,0,7575028,Sprung
tt0120197,661465,0,661465,Star Maps
tt0120201,54814377,66400000,121214377,Starship Troopers
tt0120202,6944471,2261808,9206279,State and Main
tt0120207,1710972,0,1710972,Steel
tt0120210,72482,0,72482,Stiff Upper Lips
tt0120211,228455,0,228455,Still Breathing
tt0120213,80837,0,80837,Slappy and the Stinkers
tt0120219,12355,0,12355,Storefront Hitchcock
tt0120238,656747,0,656747,SubUrbia
tt0120241,1740156,0,1740156,Suicide Kings
tt0120254,273644,0,273644,The Swan Princess: Escape from Castle Mountain
tt0120255,3263585,0,3263585,The Sweet Hereafter
tt0120257,397020,0,397020,Swept from the Sea
tt0120263,80334,0,80334,Songs from the Second Floor
tt0120271,18281,0,18281,Talk of Angels
tt0120274,1897948,0,1897948,Tango
tt0120275,1080192,0,1080192,The Tango Lesson
tt0120303,318809,0,318809,Telling Lies in America
tt0120317,18301610,0,18301610,That Darn Cat
tt0120318,16574176,0,16574176,That Old Feeling
tt0120321,6745362,0,6745362,Smoke Signals
tt0120323,7936780,0,7936780,A Thousand Acres
tt0120324,16316273,0,16316273,A Simple Plan
tt0120327,18798590,0,18798590,Thrill Ride: The Science of Fun
tt0120338,659363944,1528100000,2187463944,Titanic
tt0120347,125304276,207706792,333011068,Tomorrow Never Dies
tt0120357,387069,0,387069,Touch
tt0120363,245852179,251514690,497366869,Toy Story 2
tt0120366,534010,0,534010,Traveller
tt0120370,318246,0,318246,Trekkies
tt0120373,13602831,995740,14598571,Trial and Error
tt0120376,309,0,309,Trojan War
tt0120382,125618201,138500000,264118201,The Truman Show
tt0120383,109261,12785,122046,"Truth or Consequences, N.M."
tt0120389,8363899,1251941,9615840,Turbo: A Power Rangers Movie
tt0120390,11538235,0,11538235,Turbulence
tt0120391,91805,0,91805,TwentyFourSeven
tt0120394,127923,0,127923,Twin Town
tt0120399,6682098,0,6682098,U Turn
tt0120402,9161691,0,9161691,Ulee's Gold
tt0120408,418480,0,418480,The Eel
tt0120434,36400360,0,36400360,Vegas Vacation
tt0120449,1726567,0,1726567,The Dreamlife of Angels
tt0120458,14036005,16616000,30652005,Virus
tt0120461,49323468,73500000,122823468,Volcano
tt0120467,15927,0,15927,Vulgar
tt0120472,142193,0,142193,Waco: The Rules of Engagement
tt0120478,7029025,0,7029025,Star Kid
tt0120479,6524620,0,6524620,Warriors of Virtue
tt0120481,1851761,0,1851761,Washington Square
tt0120483,13717039,0,13717039,The Man Who Knew Too Little
tt0120484,161491646,24500000,185991646,The Waterboy
tt0120490,334319,0,334319,Welcome to Sarajevo
tt0120491,37621,0,37621,Welcome to Woop Woop
tt0120510,282175,0,282175,Wide Awake
tt0120512,7342923,0,7342923,Wild America
tt0120514,2158775,0,2158775,Wilde
tt0120520,13692848,0,13692848,The Wings of the Dove
tt0120521,870290,0,870290,The Winter Guest
tt0120522,323041,0,323041,Winter Sleepers
tt0120524,15738769,0,15738769,Wishmaster
tt0120531,8064972,101012,8165984,Woo
tt0120533,5078660,0,5078660,Celebrity
tt0120550,7233324,0,7233324,Zeus and Roxanne
tt0120576,15923122,0,15923122,Dance with Me
tt0120577,16757163,0,16757163,54
tt0120584,26558,0,26558,All the Little Animals
tt0120586,6719864,17155263,23875127,American History X
tt0120587,90757863,81000000,171757863,Antz
tt0120591,201578182,352131606,553709788,Armageddon
tt0120594,39371,0,39371,B. Monkey
tt0120595,18319860,50812000,69131860,Babe: Pig in the City
tt0120596,21760240,15151377,36911617,The Bachelor
tt0120598,12218638,0,12218638,Barney's Great Adventure
tt0120601,22863596,243071,23106667,Being John Malkovich
tt0120603,22852487,0,22852487,Beloved
tt0120609,27007143,0,27007143,The Big Hit
tt0120610,12951088,0,12951088,Black Dog
tt0120611,70087718,61095812,131183530,Blade
tt0120613,4750660,0,4750660,A Walk on the Moon
tt0120616,155385488,260547918,415933406,The Mummy
tt0120618,178278,0,178278,Breakfast of Champions
tt0120620,10115013,0,10115013,Brokedown Palace
tt0120623,162798565,200460294,363258859,A Bug's Life
tt0120630,106834564,118000000,224834564,Chicken Run
tt0120631,65705771,32299895,98005666,Ever After: A Cinderella Story
tt0120632,78685114,120000000,198685114,City of Angels
tt0120633,56709981,0,56709981,A Civil Action
tt0120642,4390,0,4390,"A Cool, Dry Place"
tt0120643,2287818,0,2287818,Dancing at Lughnasa
tt0120645,4356216,0,4356216,Meet the Deedles
tt0120646,13898649,14222451,28121100,The Deep End of the Ocean
tt0120647,140464664,209000000,349464664,Deep Impact
tt0120654,10023282,0,10023282,Dirty Work
tt0120655,30652890,464581,31117471,Dogma
tt0120657,32698899,29000000,61698899,The 13th Warrior
tt0120659,137124,0,137124,Endurance
tt0120660,111549836,139299953,250849789,Enemy of the State
tt0120661,87178599,40811529,127990128,Everest
tt0120662,16500786,1088919,17589705,Eye of the Beholder
tt0120663,55691208,106400000,162091208,Eyes Wide Shut
tt0120667,154696080,175424795,330120875,Fantastic Four
tt0120669,10680275,0,10680275,Fear and Loathing in Las Vegas
tt0120670,8165212,0,8165212,Firestorm
tt0120679,25885000,30413474,56298474,Frida
tt0120680,21589,0,21589,Frogs for Snakes
tt0120681,31602566,42955549,74558115,From Hell
tt0120683,4197729,0,4197729,Gloria
tt0120684,6451628,0,6451628,Gods and Monsters
tt0120685,136314294,242700000,379014294,Godzilla
tt0120686,91137662,68573131,159710793,Stepmom
tt0120687,3719509,0,3719509,The Governess
tt0120689,136801374,150000000,286801374,The Green Mile
tt0120692,913834,0,913834,All I Wanna Do
tt0120693,17460020,0,17460020,Half Baked
tt0120694,55041738,0,55041738,Halloween H20: 20 Years Later
tt0120696,19870567,0,19870567,Hard Rain
tt0120697,2838,0,2838,Heaven
tt0120699,166082,0,166082,The Hi-Lo Country
tt0120701,12069719,0,12069719,Holy Man
tt0120703,37672941,1605781,39278722,How Stella Got Her Groove Back
tt0120706,1214198,0,1214198,The General
tt0120707,5485295,0,5485295,Ride
tt0120709,840134,0,840134,Illuminata
tt0120710,12017369,0,12017369,In Dreams
tt0120716,4956401,0,4956401,Jakob the Liar
tt0120722,12905901,2704398,15610299,Living Out Loud
tt0120723,4106588,0,4106588,Kissing a Fool
tt0120724,10319915,0,10319915,Knock Off
tt0120725,7571115,0,7571115,Krippendorf's Tribe
tt0120728,3020601,0,3020601,The Last Days of Disco
tt0120731,167435,20511281,20678716,The Legend of 1900
tt0120735,3753929,0,3753929,"Lock, Stock and Two Smoking Barrels"
tt0120737,315544750,556537744,872082494,The Lord of the Rings: The Fellowship of the Ring
tt0120738,69117629,67041794,136159423,Lost in Space
tt0120741,19889299,0,19889299,Mafia!
tt0120742,3572443,0,3572443,Major League: Back to the Minors
tt0120744,56968902,126000000,182968902,The Man in the Iron Mask
tt0120746,94095523,156193000,250288523,The Mask of Zorro
tt0120747,98378,0,98378,The Very Thought of You
tt0120749,32935289,60172000,93107289,Mercury Rising
tt0120751,50632037,0,50632037,Mighty Joe Young
tt0120753,59989,45994,105983,The Million Dollar Hotel
tt0120755,215409889,330978216,546388105,Mission: Impossible II
tt0120757,13263993,0,13263993,The Mod Squad
tt0120762,120620254,183700000,304320254,Mulan
tt0120764,36850101,0,36850101,My Favorite Martian
tt0120765,8072007,0,8072007,My Giant
tt0120768,44547681,0,44547681,The Negotiator
tt0120769,10452012,0,10452012,The Newton Boys
tt0120770,30331165,0,30331165,A Night at the Roxbury
tt0120772,29187243,17718646,46905889,The Object of My Affection
tt0120773,18912328,0,18912328,The Odd Couple II
tt0120775,240067,0,240067,One Man's Hero
tt0120776,23245840,3371000,26616840,One True Thing
tt0120777,5881367,0,5881367,The Opposite of Sex
tt0120780,37562568,40183000,77745568,Out of Sight
tt0120782,5878911,0,5878911,Palmetto
tt0120783,66308518,25800000,92108518,The Parent Trap
tt0120784,81526121,80100000,161626121,Payback
tt0120787,67638368,60400000,128038368,A Perfect Murder
tt0120788,1171001,0,1171001,Permanent Midnight
tt0120789,40584421,9221041,49805462,Pleasantville
tt0120791,46732881,0,46732881,Practical Magic
tt0120793,1130732,0,1130732,A Price Above Rubies
tt0120794,101413188,117200000,218613188,The Prince of Egypt
tt0120797,8408835,0,8408835,Pushing Tin
tt0120800,22510798,0,22510798,Quest for Camelot
tt0120802,10019109,0,10019109,The Red Violin
tt0120804,40119709,62865153,102984862,Resident Evil
tt0120812,141186864,103200000,244386864,Rush Hour
tt0120813,45724,0,45724,Safe Men
tt0120815,217049603,265300000,482349603,Saving Private Ryan
tt0120820,12874899,0,12874899,Senseless
tt0120823,2198044,0,2198044,The Impostors
tt0120824,11434216,13256225,24690441,The Shipping News
tt0120828,74339294,90500000,164839294,Six Days Seven Nights
tt0120831,5502773,0,5502773,Slums of Beverly Hills
tt0120832,55591409,48300000,103891409,Snake Eyes
tt0120834,14417593,8632000,23049593,Snow Falling on Cedars
tt0120835,1782005,0,1782005,A Soldier's Daughter Never Cries
tt0120836,6552255,0,6552255,Lost & Found
tt0120838,123104,0,123104,Sour Grapes
tt0120841,19221939,0,19221939,Species II
tt0120844,70187658,42400000,112587658,Star Trek: Insurrection
tt0120848,44364,0,44364,Such a Long Journey
tt0120855,171091819,277100000,448191819,Tarzan
tt0120856,2172941,0,2172941,Tarzan and the Lost City
tt0120857,14401563,0,14401563,Tea with Mussolini
tt0120859,2735,0,2735,Telling You
tt0120861,73233,0,73233,The Theory of Flight
tt0120863,36400491,61726074,98126565,The Thin Red Line
tt0120865,1083975,0,1083975,This Is My Father
tt0120866,2007290,0,2007290,Titus
tt0120873,57167405,45200000,102367405,U.S. Marshals
tt0120877,20308772,0,20308772,Vampires
tt0120878,2143,0,2143,The Velocity of Gary
tt0120879,1053788,0,1053788,Velvet Goldmine
tt0120882,146072,0,146072,The Visitors II: The Corridors of Time
tt0120885,43061945,21194568,64256513,Wag the Dog
tt0120888,80245725,43061262,123306987,The Wedding Singer
tt0120889,55382927,0,55382927,What Dreams May Come
tt0120890,30147739,0,30147739,Wild Things
tt0120891,113804681,108300000,222104681,Wild Wild West
tt0120894,25648,0,25648,Immortality
tt0120899,635620,0,635620,My Life So Far
tt0120901,9623329,0,9623329,Wrongfully Accused
tt0120902,83898313,105278110,189176423,The X Files
tt0120903,157299718,139039810,296339528,X-Men
tt0120906,2087471,0,2087471,Zero Effect
tt0120907,2856712,0,2856712,eXistenZ
tt0120910,60655420,30219150,90874570,Fantasia 2000
tt0120912,190418803,251400000,441818803,Men in Black II
tt0120913,22753426,14001208,36754634,Titan A.E.
tt0120915,474544677,552500000,1027044677,Star Wars: Episode I - The Phantom Menace
tt0120917,89302687,80025000,169327687,The Emperor's New Groove
tt0121164,53359111,63835950,117195061,Corpse Bride
tt0121765,310676740,338721588,649398328,Star Wars: Episode II - Attack of the Clones
tt0121766,380270577,469727028,849997605,Star Wars: Episode III - Revenge of the Sith
tt0122143,12097,0,12097,The Last Broadcast
tt0122151,130444603,155000000,285444603,Lethal Weapon 4
tt0122459,32722798,3887197,36609995,Return to Me
tt0122529,1338335,0,1338335,Henry Fool
tt0122541,18542974,0,18542974,An Ideal Husband
tt0122642,1223034,0,1223034,One Tough Cop
tt0122690,41616262,0,41616262,Ronin
tt0122718,54682547,0,54682547,Small Soldiers
tt0122728,30697,0,30697,Soul in the Hole
tt0122906,65748,0,65748,Among Giants
tt0122933,106885658,70000000,176885658,Analyze This
tt0123209,27807627,0,27807627,The Other Sister
tt0123221,430404,0,430404,Just the Ticket
tt0123324,12461773,0,12461773,Why Do Fools Fall in Love
tt0123385,356749,0,356749,Artemisia
tt0123755,501818,0,501818,Cube
tt0123923,4417,0,4417,Jeanne and the Perfect Guy
tt0123964,64016268,9459000,73475268,Life
tt0123987,29967750,0,29967750,Madeline
tt0124102,713239,0,713239,Strangeland
tt0124115,79808,0,79808,Seventh Heaven
tt0124137,7326,0,7326,Sparkler
tt0124179,2057193,0,2057193,Two Girls and a Guy
tt0124185,140254,0,140254,Under the Skin
tt0124198,9898412,0,9898412,Very Bad Things
tt0124207,1126506,0,1126506,The Thief
tt0124295,720074,0,720074,The Big One
tt0124298,26511114,13751906,40263020,Blast from the Past
tt0124315,57545092,31000000,88545092,The Cider House Rules
tt0124555,27466,0,27466,Finding North
tt0124595,8341087,0,8341087,Return to Paradise
tt0124718,21567853,0,21567853,He Got Game
tt0124777,199033,0,199033,Latin Boys Go to Hell
tt0124819,602302,0,602302,Orgazmo
tt0124879,18253415,0,18253415,Simon Birch
tt0124901,3121,0,3121,Thursday
tt0125022,40336607,17419801,57756408,Heartbreakers
tt0125061,15671,0,15671,Esmeralda Comes by Night
tt0125209,345478,0,345478,I Think I Do
tt0125411,9743,0,9743,Stolen Moments
tt0125439,116089678,247800000,363889678,Notting Hill
tt0125454,26875268,0,26875268,Paulie
tt0125659,370720,0,370720,Open Your Eyes
tt0125664,34607430,12827000,47434430,Man on the Moon
tt0125676,1634386,0,1634386,Black Diamond Rush
tt0125794,1009291,0,1009291,The IMAX Nutcracker
tt0125971,7302522,0,7302522,Outside Providence
tt0125980,250897,0,250897,Passion in the Desert
tt0126029,267665011,216744207,484409218,Shrek
tt0126036,2287639,0,2287639,Snowriders II
tt0126079,1076685,0,1076685,Steeper & Deeper
tt0126250,10920544,0,10920544,Cookie's Fortune
tt0126261,100590,0,100590,Desert Blue
tt0126604,2281761,0,2281761,Pecker
tt0126651,243000,0,243000,Santitos
tt0126810,136049,0,136049,Bedrooms and Hallways
tt0126859,164022,0,164022,The Loss of Sexual Innocence
tt0126886,14902041,0,14902041,Election
tt0126916,35188640,10924000,46112640,For Love of the Game
tt0126938,2284034,0,2284034,Hav Plenty
tt0127247,86307,0,86307,The Ride
tt0127288,54751,0,54751,Six Ways to Sunday
tt0127302,1610,0,1610,The Sticky Fingers of Time
tt0127319,65793,0,65793,Titanic Town
tt0127349,270745,0,270745,Waking the Dead
tt0127489,18529,0,18529,Clubland
tt0127536,30082699,52067943,82150642,Elizabeth
tt0127722,1036818,0,1036818,Another Day in Paradise
tt0127723,25605015,0,25605015,Can't Hardly Wait
tt0128133,244861,0,244861,The Harmonists
tt0128142,29337,0,29337,Cousin Jules
tt0128214,42953,0,42953,"First Love, Last Rites"
tt0128239,632617,0,632617,Grey Owl
tt0128278,34105207,0,34105207,Instinct
tt0128370,4868,0,4868,Nï¿
tt0128376,1354652,0,1354652,Nueba Yol 3: Bajo la nueva ley
tt0128442,22912409,0,22912409,Rounders
tt0128445,17105219,0,17105219,Rushmore
tt0128853,115821495,135000000,250821495,You've Got Mail
tt0129136,11710,0,11710,Hell's Kitchen
tt0129167,23159305,0,23159305,The Iron Giant
tt0129280,28544120,0,28544120,The Out-of-Towners
tt0129290,135026902,67266000,202292902,Patch Adams
tt0129332,2062405,0,2062405,Ravenous
tt0129387,176484651,193400000,369884651,There's Something About Mary
tt0129884,250147,0,250147,Dog Park
tt0130018,40002112,0,40002112,I Still Know What You Did Last Summer
tt0130019,98973,0,98973,"I Love You, Don't Touch Me!"
tt0130121,33864342,20400000,54264342,Mickey Blue Eyes
tt0130236,384756,0,384756,Samurai Cop
tt0130444,927107,0,927107,Aimee & Jaguar
tt0130623,137748063,212074702,349822765,Dinosaur
tt0130827,7267585,0,7267585,Run Lola Run
tt0131325,66384775,32241000,98625775,Bowfinger
tt0131369,22431897,12811000,35242897,Edtv
tt0131436,10317779,0,10317779,I Got the Hook Up
tt0131646,11578059,0,11578059,Wing Commander
tt0131704,26005820,9129000,35134820,The Adventures of Rocky & Bullwinkle
tt0131857,7027290,0,7027290,BASEketball
tt0131972,2147,0,2147,Better Living
tt0132213,9066,0,9066,Hi-Life
tt0132245,32720065,22024673,54744738,Driven
tt0132347,29762011,3699000,33461011,Mystery Men
tt0132477,32570685,2128000,34698685,October Sky
tt0132512,22365133,0,22365133,At First Sight
tt0133046,8951935,0,8951935,Teaching Mrs. Tingle
tt0133093,171479930,292037453,463517383,The Matrix
tt0133122,21521,0,21521,New Rose Hotel
tt0133152,180011740,182200000,362211740,Planet of the Apes
tt0133189,299569,0,299569,SLC Punk!
tt0133240,38176783,71401332,109578115,Treasure Planet
tt0133363,317422,0,317422,Lovers of the Arctic Circle
tt0133385,1541261,0,1541261,Asterix and Obelix vs. Caesar
tt0133412,27816,0,27816,Best Laid Plans
tt0133751,40283321,0,40283321,The Faculty
tt0133952,40981289,75691623,116672912,The Siege
tt0134033,474900,0,474900,Plunkett & Macleane
tt0134067,100494675,40400000,140894675,The Rugrats Movie
tt0134084,89143175,72691101,161834276,Scream 3
tt0134119,81298265,47500000,128798265,The Talented Mr. Ripley
tt0134154,635096,0,635096,Ride with the Devil
tt0134273,36663315,59955384,96618699,8MM
tt0134618,8891623,0,8891623,"Mystery, Alaska"
tt0134619,17514980,0,17514980,Disturbing Behavior
tt0134630,4739023,1881219,6620242,Duets
tt0134847,39240659,13947000,53187659,Pitch Black
tt0134983,14230455,597626,14828081,Supernova
tt0135024,17245,0,17245,A Real Young Girl
tt0136244,1263279,0,1263279,Hideous Kinky
tt0136352,37795,0,37795,Koyla
tt0137338,6852450,0,6852450,200 Cigarettes
tt0137363,24756177,16311134,41067311,Arlington Road
tt0137386,2070399,0,2070399,Billy's Hollywood Screen Kiss
tt0137401,5974732,0,5974732,Les Boys II
tt0137439,2205339,10128,2215467,Autumn Tale
tt0137494,87704396,124700000,212404396,Entrapment
tt0137523,37030102,63823651,100853753,Fight Club
tt0138097,100317794,189000000,289317794,Shakespeare in Love
tt0138279,109535,0,109535,The 24 Hour Woman
tt0138304,10672566,8926022,19598588,The Astronaut's Wife
tt0138414,871759,0,871759,Edge of Seventeen
tt0138487,379384,328950,708334,Head On
tt0138510,4152230,0,4152230,Idle Hands
tt0138524,35327628,84571155,119898783,Intolerable Cruelty
tt0138537,34857,0,34857,Man of the Century
tt0138563,668228,0,668228,Kurt & Courtney
tt0138590,279757,0,279757,Twice Upon a Yesterday
tt0138677,4315,0,4315,Het ondergronds orkest
tt0138681,584054,0,584054,The Opportunists
tt0138704,3221152,0,3221152,Pi
tt0138749,50863742,25568985,76432727,The Road to El Dorado
tt0138862,9871,0,9871,Taxman
tt0138874,2021698,0,2021698,Three Seasons
tt0138946,889352,34684,924036,The Yards
tt0138987,541636,0,541636,20 Dates
tt0139057,2870,0,2870,Beautopia
tt0139134,38773785,37573641,76347426,Cruel Intentions
tt0139239,16943454,11508168,28451622,Go
tt0139362,1960216,0,1960216,High Art
tt0139394,26999,0,26999,The Joyriders
tt0139414,31770414,25100000,56870414,Lake Placid
tt0139462,52880016,66000000,118880016,Message in a Bottle
tt0139615,1009819,0,1009819,Slam
tt0139654,76631907,28244326,104876233,Training Day
tt0139668,16649768,0,16649768,True Crime
tt0139669,12231,0,12231,True Friends
tt0139699,52894169,1400000,54294169,Varsity Blues
tt0139809,11916661,6647427,18564088,The Thirteenth Floor
tt0139898,3146,0,3146,The Boys
tt0139951,57009,0,57009,Cosï¿½ï¿½ï¿½ï¿
tt0140282,1546414,0,1546414,In God's Hands
tt0140352,29089912,31200000,60289912,The Insider
tt0140379,16071990,0,16071990,A Midsummer Night's Dream
tt0140397,4555459,0,4555459,Mumford
tt0140688,307037,0,307037,Whatever
tt0140796,10224116,0,10224116,Air Bud: Golden Receiver
tt0140888,5969553,0,5969553,Central Station
tt0141098,52900680,41000000,93900680,Forces of Nature
tt0141105,30229,0,30229,Free Enterprise
tt0141109,34562556,0,34562556,Jack Frost
tt0141369,97403112,37000000,134403112,Inspector Gadget
tt0141399,2962465,40831,3003296,Isn't She Great
tt0141699,9078,0,9078,Out of the Past
tt0141907,6719973,3652318,10372291,Town & Country
tt0141926,77122415,50544000,127666415,U-571
tt0141974,254441,0,254441,The War Zone
tt0141986,533759,0,533759,Wild Man Blues
tt0142192,15164492,9329109,24493601,The Corruptor
tt0142201,2005840,0,2005840,Crazy in Alabama
tt0142215,138411,0,138411,Histoires d'hiver
tt0142231,5672903,0,5672903,Down in the Delta
tt0142342,163479795,71322100,234801895,Big Daddy
tt0142393,13996,0,13996,I'm Losing You
tt0142688,18661336,39740562,58401898,The Ninth Gate
tt0143145,126943684,234888716,361832400,The World is Not Enough
tt0143261,33543,0,33543,Friends & Lovers
tt0143344,169503,0,169503,Knockout
tt0143746,17650,0,17650,Molly
tt0143861,289885,0,289885,Scratch
tt0143874,106116,0,106116,Shattered Image
tt0144084,15070285,19196279,34266564,American Psycho
tt0144117,30471,0,30471,The Boondock Saints
tt0144120,32400658,18288000,50688658,Bride of Chucky
tt0144134,135280,0,135280,The Cherry Orchard
tt0144142,40361,0,40361,Committed
tt0144168,6262878,0,6262878,Dick
tt0144178,12044,0,12044,Dreaming of Joseph Lees
tt0144214,102705852,47000000,149705852,The General's Daughter
tt0144528,123309890,43030000,166339890,Nutty Professor II: The Klumps
tt0144608,29245,0,29245,Sinbad: Beyond the Veil of Mists
tt0144637,9037,0,9037,Tequila Body Shots
tt0144640,10570375,0,10570375,Three to Tango
tt0144715,1765545,0,1765545,Holy Smoke
tt0144801,92113,0,92113,The Brandon Teena Story
tt0144814,17762705,0,17762705,The Rage: Carrie 2
tt0144964,12811858,3031750,15843608,Highlander: Endgame
tt0145007,6940,0,6940,The Jew in the Lotus
tt0145048,104255,0,104255,Little Men
tt0145394,252546,0,252546,A Place Called Chiapas
tt0145487,403706375,418002176,821708551,Spider-Man
tt0145503,5096267,2511593,7607860,Sunshine
tt0145531,50046268,39400000,89446268,Stigmata
tt0145653,13042112,0,13042112,Angela's Ashes
tt0145660,206040086,105976772,312016858,Austin Powers: The Spy Who Shagged Me
tt0145681,66518655,84975000,151493655,The Bone Collector
tt0145734,3970078,0,3970078,Playing by Heart
tt0145893,4398989,0,4398989,Simply Irresistible
tt0145921,40593486,4110245,44703731,Mysteries of Egypt
tt0145937,133058,22582,155640,Naqoyqatsi
tt0146309,34592089,31987801,66579890,Thirteen Days
tt0146316,131168070,143535270,274703340,Lara Croft: Tomb Raider
tt0146336,38072438,34455157,72527595,Urban Legend
tt0146516,12597,0,12597,Buddy Boy
tt0146562,175058,0,175058,Cleopatra's Second Husband
tt0146675,66889043,145100000,211989043,End of Days
tt0146838,75530832,24700000,100230832,Any Given Sunday
tt0146882,27287137,19839158,47126295,High Fidelity
tt0146984,30919168,8540259,39459427,The Legend of Bagger Vance
tt0147004,4611784,0,4611784,Little Voice
tt0147192,29874,0,29874,Praise
tt0147612,2982011,0,2982011,Happiness
tt0147800,38178166,15300000,53478166,10 Things I Hate About You
tt0148103,74052,0,74052,Set Me Free
tt0148421,13465,0,13465,Looking for an Echo
tt0149151,524864,0,524864,Still Crazy
tt0149261,73648142,91000000,164648142,Deep Blue Sea
tt0149367,5661798,1581871,7243669,Where the Money Is
tt0149624,15540353,2593142,18133495,All the Pretty Horses
tt0149691,18670401,4961528,23631929,Anywhere But Here
tt0149723,2048740,0,2048740,Besieged
tt0150143,9480,0,9480,Claire Dolan
tt0150176,5453,0,5453,Coming Soon
tt0150216,2903404,0,2903404,Cradle Will Rock
tt0150290,17744,0,17744,Dear Jesse
tt0150377,116741558,61100000,177841558,Double Jeopardy
tt0150433,424798,0,424798,Earth
tt0150662,169331,50000,219331,Show Me Love
tt0150915,4912892,0,4912892,Hilary and Jackie
tt0150992,1007446,0,1007446,Hum Dil De Chuke Sanam
tt0151137,14276317,52700000,66976317,The Messenger: The Story of Joan of Arc
tt0151150,426318,0,426318,Josh
tt0151568,6208548,0,6208548,Topsy-Turvy
tt0151582,370668,0,370668,The Minus Man
tt0151691,354952,0,354952,My Name Is Joe
tt0151734,22300,0,22300,Falcone
tt0151738,55474756,29090474,84565230,Never Been Kissed
tt0151804,10827810,0,10827810,Office Space
tt0151905,402000,0,402000,Gang Land
tt0152176,75232,0,75232,Restaurant
tt0152548,15503,0,15503,Spanish Fly
tt0152836,2020532,0,2020532,Taal
tt0153464,2933161,806952,3740113,Up at the Villa
tt0154420,1656223,0,1656223,The Celebration
tt0154443,424123,0,424123,8 ï¿½ï¿½ï¿
tt0154506,48482,0,48482,Following
tt0154587,2438233,0,2438233,"Hey There, It's Yogi Bear"
tt0155197,17246,0,17246,Speedway Junky
tt0155267,69305181,55000000,124305181,The Thomas Crown Affair
tt0155388,3957934,0,3957934,The Winslow Boy
tt0155478,13485455,0,13485455,Africa's Elephant Kingdom
tt0155711,4488529,0,4488529,Flawless
tt0155722,585604,0,585604,The Piano Player
tt0155753,12214338,0,12214338,I'll Be Home for Christmas
tt0155776,3117085,0,3117085,Jawbreaker
tt0155975,21485655,15685000,37170655,Psycho
tt0156096,117471,0,117471,Spring Forward
tt0156323,7027345,174356,7201701,Screwed
tt0156639,187152,0,187152,The Big Tease
tt0156729,591165,0,591165,Last Night
tt0156757,65283,0,65283,Mad About Mambo
tt0156794,107178,0,107178,Eternity and a Day
tt0156812,34134641,1413120,35547761,My Dog Skip
tt0156841,14990582,9372190,24362772,The Next Best Thing
tt0156887,558598,4532,563130,Perfect Blue
tt0156901,15207,0,15207,The Apple
tt0156934,31502583,43105987,74608570,Random Hearts
tt0157016,6955,0,6955,I Stand Alone
tt0157075,22260,0,22260,The Suburbans
tt0157122,739055,178978,918033,Faithless
tt0157208,402668,0,402668,The School of Flesh
tt0157411,6509,0,6509,Bloody Angels
tt0157472,36989956,1803327,38793283,Clockstoppers
tt0157503,10571408,0,10571408,Drop Dead Gorgeous
tt0157583,4301582,11403425,15705007,Enigma
tt0157913,14692,0,14692,La Cucaracha
tt0158033,15120,0,15120,Nora
tt0158302,316020,0,316020,Under the Sun
tt0158371,4197015,328779,4525794,Sweet and Lowdown
tt0158493,9639390,0,9639390,Belly
tt0158583,145071,0,145071,Deterrence
tt0158622,35268275,24200000,59468275,The Flintstones in Viva Rock Vegas
tt0158811,16625807,5697805,22323612,Muppets from Space
tt0158831,19285,0,19285,Off the Menu: The Last Days of Chasen's
tt0158983,52037603,31100000,83137603,"South Park: Bigger, Longer & Uncut"
tt0159097,4906229,5503148,10409377,The Virgin Suicides
tt0159272,264292,0,264292,Beautiful People
tt0159273,58856790,32896412,91753202,Behind Enemy Lines
tt0159365,95636509,77377000,173013509,Cold Mountain
tt0159373,299432,0,299432,Cotton Mary
tt0159382,6201143,873925,7075068,Croupier
tt0159421,11683047,0,11683047,The Adventures of Elmo in Grouchland
tt0159423,7195792,30975765,38171557,Encounter in the Third Dimension
tt0160009,30208599,10191826,40400425,The Art of War
tt0160127,125305545,138800000,264105545,Charlie's Angels
tt0160184,79161,6337141,6416302,Eye See You
tt0160216,2165637,0,2165637,A Dog of Flanders
tt0160236,9974410,0,9974410,Dudley Do-Right
tt0160298,9017070,0,9017070,Trippin'
tt0160338,632283,0,632283,Guinevere
tt0160398,200992,0,200992,Independent Lens: Imelda
tt0160399,6285176,1860373,8145549,Impostor
tt0160401,14011454,0,14011454,In Too Deep
tt0160403,238431,0,238431,The Independent
tt0160429,11993021,0,11993021,The King and I
tt0160484,16815253,14540657,31355910,Lost Souls
tt0160498,292309,0,292309,Luminarias
tt0160509,148853,0,148853,Agnes Browne
tt0160513,544965,0,544965,A Map of the World
tt0160620,3088,0,3088,Oxygen
tt0160644,769272,0,769272,Passion of Mind
tt0160672,60279,0,60279,Joe the King
tt0160710,160083,0,160083,Punks
tt0160797,61335230,10397073,71732303,Rules of Engagement
tt0160862,63366989,39800000,103166989,She's All That
tt0160905,65875,0,65875,Spooky House
tt0160916,27100031,31800000,58900031,The Story of Us
tt0161023,1350248,0,1350248,Tumbleweeds
tt0161081,155464351,135956000,291420351,What Lies Beneath
tt0161083,32269834,6194297,38464131,What's the Worst That Could Happen?
tt0161100,25059640,0,25059640,The Wood
tt0161109,9186,0,9186,The Young Girl and the Monsoon
tt0161216,76424,0,76424,Steal This Movie
tt0161743,22731,0,22731,The Last Big Thing
tt0161860,6180200,18141980,24322180,Nowhere in Africa
tt0161942,206755,0,206755,Revelation
tt0161977,40861,0,40861,Simon Magus
tt0162023,411678,0,411678,Tuvalu
tt0162024,14725,0,14725,Two Ninas
tt0162222,233632142,196000000,429632142,Cast Away
tt0162346,6217849,2546158,8764007,Ghost World
tt0162348,278492,0,278492,Smiling Fish & Goat on Fire
tt0162360,1955933,0,1955933,"Happy, Texas"
tt0162650,70334258,36862240,107196498,Shaft
tt0162661,101071502,105000000,206071502,Sleepy Hollow
tt0162662,107099,0,107099,A Slipping-Down Life
tt0162677,19288130,0,19288130,Summer of Sam
tt0162710,2087228,0,2087228,Trick
tt0162711,295683,0,295683,Trixie
tt0162830,985341,0,985341,Twin Falls Idaho
tt0162838,2841,0,2841,Three Days of Rain
tt0162866,1267239,0,1267239,The Emperor and the Assassin
tt0162903,1319592,0,1319592,Catfish in Black Bean Sauce
tt0162973,1152979,0,1152979,Get Real
tt0162983,36050230,15829814,51880044,Hanging Up
tt0163025,181171875,187608934,368780809,Jurassic Park III
tt0163187,152257509,157202783,309460292,Runaway Bride
tt0163579,11263966,524710,11788676,Chill Factor
tt0163639,18630372,10717855,29348227,Galapagos
tt0163651,102561004,132922000,235483004,American Pie
tt0163676,5280035,0,5280035,The In Crowd
tt0163745,1745778,0,1745778,The Debut
tt0163862,53354743,50605624,103960367,T-Rex: Back to the Cretaceous
tt0163978,39785027,104271846,144056873,The Beach
tt0163983,29381494,11061516,40443010,Bless the Child
tt0163984,15035,0,15035,"Blood, Guts, Bullets and Octane"
tt0163988,16797191,0,16797191,Bringing Out the Dead
tt0164003,357197,919990,1277187,City of Ghosts
tt0164052,73209340,117004115,190213455,Hollow Man
tt0164085,2160710,0,2160710,Limbo
tt0164108,11614954,0,11614954,The Muse
tt0164114,17845337,4748072,22593409,Drive Me Crazy
tt0164181,21142914,0,21142914,Stir of Echoes
tt0164184,118907036,75014336,193921372,The Sum of All Fears
tt0164212,260562,1030458,1291020,Under Suspicion
tt0164221,74007,0,74007,Virtual Sexuality
tt0164312,300880,0,300880,42 Up
tt0164334,74078174,31100387,105178561,Along Came a Spider
tt0164610,18000,0,18000,Girlfriends
tt0164756,512434,0,512434,Mifune
tt0164810,15430,0,15430,Pipe Dream
tt0164912,140035367,160100000,300135367,Stuart Little
tt0164917,25824,0,25824,Spriggan
tt0165078,801985,0,801985,After Life
tt0165494,9257103,0,9257103,Ringmaster
tt0165643,5277299,264132,5541431,Black & White
tt0165710,4217115,0,4217115,Detroit Rock City
tt0165773,824295,0,824295,Felicia's Journey
tt0165798,3308029,6072444,9380473,Ghost Dog: The Way of the Samurai
tt0165831,4705631,0,4705631,Held Up
tt0165854,3204663,0,3204663,The Limey
tt0165859,3736868,0,3736868,Liberty Heights
tt0165901,2797,0,2797,Okraina
tt0165929,55973336,35063424,91036760,Romeo Must Die
tt0165982,26483452,54284432,80767884,Sinbad: Legend of the Seven Seas
tt0165986,205003,0,205003,The Tic Code
tt0166090,227374,0,227374,Babar: King of the Elephants
tt0166104,6792,0,6792,Blood of His Own
tt0166110,7316658,1062195,8378853,Bones
tt0166175,4177818,0,4177818,East Is East
tt0166195,6033999,0,6033999,Foolish
tt0166252,8302478,0,8302478,The Love Letter
tt0166276,5411999,2210366,7622365,Monkeybone
tt0166396,24792251,30465199,55257450,Waking Ned Devine
tt0166485,39263420,74733517,113996937,Anna and the King
tt0166813,73280117,49283422,122563539,Spirit: Stallion of the Cimarron
tt0166896,6203044,213281,6416325,The Straight Story
tt0166924,7220243,12897096,20117339,Mulholland Drive
tt0166943,14859394,0,14859394,Music of the Heart
tt0166948,1268443,0,1268443,The Adventures of the American Rabbit
tt0167059,9740,0,9740,The Book of Life
tt0167190,59623958,39695029,99318987,Hellboy
tt0167203,6651522,7748805,14400327,I Dreamed of Africa
tt0167260,377845905,741859899,1119705804,The Lord of the Rings: The Return of the King
tt0167261,342551365,584746668,927298033,The Lord of the Rings: The Two Towers
tt0167404,293506292,379300000,672806292,The Sixth Sense
tt0167423,88428,0,88428,Diamonds
tt0167427,30636478,0,30636478,Superstar
tt0167456,6880917,21402720,28283637,Thunderbirds
tt0167925,69400,0,69400,"Late August, Early September"
tt0167926,324006,0,324006,The Children of the Marshland
tt0168172,292152,0,292152,Simon Sez
tt0168446,65090,0,65090,Aberdeen
tt0168449,100841,0,100841,The Adventures of Sebastian Cole
tt0168501,34102780,471000,34573780,The Best Man
tt0168515,391653,0,391653,Bittersweet Motel
tt0168629,4184036,35847843,40031879,Dancer in the Dark
tt0168786,21078145,2289441,23367586,Antwone Fisher
tt0168794,497091,0,497091,The Five Senses
tt0168808,2750064,0,2750064,Freeriders
tt0168856,563911,5031416,5595327,A Fish Tale
tt0168950,5869,0,5869,Let It Come Down: The Life of Paul Bowles
tt0168987,2015406,0,2015406,Better Than Chocolate
tt0169102,909043,815763,1724806,Lagaan: Once Upon a Time in India
tt0169302,153629,0,153629,The Terrorist
tt0169547,130096601,226200000,356296601,American Beauty
tt0169624,1602,0,1602,Blindness
tt0169895,47148,0,47148,"Fear, Anxiety & Depression"
tt0170016,260044825,85096578,345141403,How the Grinch Stole Christmas
tt0170452,7838,0,7838,Prince of Central Park
tt0170691,139692,0,139692,Tigerland
tt0170705,98687,3212475,3311162,Train of Life
tt0171135,4287,0,4287,Brown's Requiem
tt0171356,1638202,1583078,3221280,Gun Shy
tt0171359,1577287,469146,2046433,Hamlet
tt0171363,91411151,85900000,177311151,The Haunting
tt0171433,37047880,22897303,59945183,Keeping the Faith
tt0171580,25170054,4190346,29360400,Nurse Betty
tt0171685,217244,0,217244,Ratcatcher
tt0171804,11540607,0,11540607,Boys Don't Cry
tt0171865,414254,0,414254,Wonderland
tt0172156,138608444,134731112,273339556,Bad Boys II
tt0172396,10827816,0,10827816,The End of the Affair
tt0172493,28912646,19437559,48350205,"Girl, Interrupted"
tt0172495,187705427,272878533,460583960,Gladiator
tt0172627,752122,0,752122,Body Shots
tt0172632,468684,0,468684,Joe Gould's Secret
tt0172704,150657,0,150657,Lal Baadshah
tt0172726,5985690,0,5985690,Light It Up
tt0173390,178095,0,178095,Sugar Town
tt0173716,1284646,676898,1961544,Cecil B. DeMented
tt0173772,11683,0,11683,My Voyage to Italy
tt0173840,32131830,53000000,85131830,Final Fantasy: The Spirits Within
tt0173910,117608,0,117608,Running Free
tt0174204,929606,0,929606,Simpatico
tt0174268,591142,0,591142,The Third Miracle
tt0174330,465080,0,465080,Venus Beauty
tt0174336,4159986,615023,4775009,Whipped
tt0174480,37761915,52964753,90726668,Autumn in New York
tt0174732,71509,0,71509,Herman U.S.A.
tt0174852,421432,0,421432,The Last Days
tt0174856,50699241,23257000,73956241,The Hurricane
tt0174885,72190,0,72190,Loving Jezebel
tt0175142,157019771,121000000,278019771,Scary Movie
tt0175159,58946,0,58946,Shiloh 2: Shiloh Season
tt0175550,256780,0,256780,Dancemaker
tt0175777,66194,0,66194,Just a Little Harmless Sex
tt0175880,22455976,25995827,48451803,Magnolia
tt0175996,894410,0,894410,La otra conquista
tt0176090,859059,0,859059,Rendezvous in Paris
tt0176269,10667893,0,10667893,Universal Soldier: The Return
tt0176415,54468,0,54468,The Grandfather
tt0176422,500896,0,500896,Alice and Martin
tt0176426,9730,0,9730,All the Rage
tt0176783,5108820,7482450,12591270,Gossip
tt0177068,54780,0,54780,Once in the Life
tt0177240,13400161,0,13400161,Solarmax
tt0177606,12951,0,12951,Puss in Boots
tt0177650,146193,0,146193,Company Man
tt0177746,56611,325013,381624,The Children of the Century
tt0177789,71583916,19100000,90683916,Galaxy Quest
tt0177888,27841,0,27841,King of the Jungle
tt0177971,182618434,146100000,328718434,The Perfect Storm
tt0178642,77578,417052,494630,The Invisible Circus
tt0178737,4775847,0,4775847,Mansfield Park
tt0178988,38738,0,38738,Whiteboyz
tt0179074,287724,0,287724,American Pimp
tt0179098,6835856,3175194,10011050,Moonlight Mile
tt0179116,2205627,389589,2595216,But I'm a Cheerleader
tt0179473,28149,0,28149,"South of Heaven, West of Hell"
tt0179626,24403552,31956428,56359980,15 Minutes
tt0180052,4420080,2683893,7103973,The Adventures of Pluto Nash
tt0180073,7065332,10923895,17989227,Quills
tt0180093,3635482,3754626,7390108,Requiem for a Dream
tt0180181,13654,0,13654,Soft Fruit
tt0180301,32050,0,32050,The Weekend
tt0180668,3316272,0,3316272,Elvis Gratton II: Miracle ï¿½ï¿½ï¿½ï
tt0180679,2276602,0,2276602,Escanaba in da Moonlight
tt0180734,40222729,3879660,44102389,Hardball
tt0180793,478053,0,478053,The Last September
tt0180837,1823297,2245964,4069261,Bossa Nova
tt0181151,6291602,7854075,14145677,What Planet Are You From?
tt0181288,1165795,0,1165795,American Movie
tt0181316,68518533,49239967,117758500,Blue Streak
tt0181530,2321029,3710492,6031521,East/West
tt0181536,51804714,28245050,80049764,Finding Forrester
tt0181618,61236,0,61236,Judy Berlin
tt0181689,132072926,226300000,358372926,Minority Report
tt0181733,46737,0,46737,On the Ropes
tt0181739,13596911,429507,14026418,Osmosis Jones
tt0181786,44204,0,44204,Regret to Inform
tt0181830,165485,0,165485,Solomon & Gaenor
tt0181833,362649,0,362649,The Source: The Story of the Beats and the Beat Generation
tt0181835,6859,0,6859,Speaking in Strings
tt0181836,13276,0,13276,The Specials
tt0181852,150371112,283000000,433371112,Terminator 3: Rise of the Machines
tt0181865,124115725,83400000,207515725,Traffic
tt0181875,32534850,14848839,47383689,Almost Famous
tt0181912,252074,232929,485003,In Praise of Love
tt0181945,7296,0,7296,A Piece of Eden
tt0181984,16970581,11809674,28780255,Boiler Room
tt0182000,687194,0,687194,The Caveman's Valentine
tt0182295,299792,0,299792,Love's Labour's Lost
tt0182299,5231283,0,5231283,Siegfried & Roy: The Magic Box
tt0182508,1032075,0,1032075,Urbania
tt0182789,58223861,29200000,87423861,Bicentennial Man
tt0182914,10658505,0,10658505,Island of the Sharks
tt0183056,23371,0,23371,Esther Kahn
tt0183503,369975,0,369975,Me Myself I
tt0183505,90570999,58700000,149270999,"Me, Myself & Irene"
tt0183523,60883407,50100000,110983407,Mission to Mars
tt0183649,46566212,51270926,97837138,Phone Booth
tt0183659,8598593,1960377,10558970,Pollock
tt0183700,18154,0,18154,Restless
tt0183790,56569702,60917771,117487473,A Knight's Tale
tt0183869,626164,60100000,60726164,Taxi 2
tt0184510,44337,0,44337,Get Bruce
tt0184719,129265,0,129265,Maryam
tt0184791,16025437,3235100,19260537,O
tt0184858,23368995,8799975,32168970,Reindeer Games
tt0184894,56937502,42336965,99274467,Shanghai Noon
tt0184907,60020107,2444624,62464731,Snow Day
tt0185014,19393557,14033031,33426588,Wonder Boys
tt0185101,1590,0,1590,Pups
tt0185125,8272296,59600000,67872296,All About My Mother
tt0185183,21471685,8253978,29725663,Battlefield Earth
tt0185371,40846082,1747373,42593455,House on Haunted Hill
tt0185431,39464775,18827520,58292295,Little Nicky
tt0185711,3676,0,3676,Suits
tt0185937,140539099,108100000,248639099,The Blair Witch Project
tt0186045,15506764,400000,15906764,Drowning Mona
tt0186151,45010278,23095967,68106245,Frequency
tt0186253,1302067,0,1302067,Jesus' Son
tt0186508,7002182,16000000,23002182,Buena Vista Social Club
tt0186549,19823,0,19823,The Simian Line
tt0186566,90464773,38419359,128884132,Space Cowboys
tt0186589,13305101,3603846,16908947,Sugar & Spice
tt0186719,59166,0,59166,The Young Unknowns
tt0186894,36805288,16620004,53425292,Bounce
tt0186895,3557100,0,3557100,Les Boys III
tt0186975,20069008,4350906,24419914,Down to You
tt0187078,101648571,135553728,237202299,Gone in 60 Seconds
tt0187393,113330342,101964000,215294342,The Patriot
tt0187696,9660,10492298,10501958,Anatomie
tt0187712,276259,0,276259,Beefcake
tt0187738,82348319,72661713,155010032,Blade II
tt0187819,19440089,0,19440089,Doug's 1st Movie
tt0187859,374550,0,374550,Genghis Blues
tt0188030,2092682,5641212,7733894,Butterfly
tt0188128,46352,349738,396090,Very Annie Mary
tt0188160,3440228,108328,3548556,Price of Glory
tt0188453,5142576,11028522,16171098,Birthday Girl
tt0188640,10037390,2886673,12924063,Godzilla 2000
tt0188674,104257,0,104257,Human Traffic
tt0188694,170832,0,170832,Uninvited Guest
tt0188863,2924635,0,2924635,Love Stinks
tt0189142,247728,0,247728,Marcel Proust's Time Regained
tt0189173,115202,0,115202,Unconditional Love
tt0189192,4781539,11395193,16176732,Just Visiting
tt0189541,2335352,0,2335352,Gabriela
tt0189553,771792,0,771792,The Girl Next Door
tt0189584,3165544,563344,3728888,The Big Kahuna
tt0189592,0,0,0,Hum Aapke Dil Mein Rehte Hain
tt0189630,736812,0,736812,Kadosh
tt0189744,43941,0,43941,Miss Julie
tt0189998,8293784,2861430,11155214,Shadow of the Vampire
tt0190027,28365,0,28365,Southpaw
tt0190138,57262492,49109159,106371651,The Whole Nine Yards
tt0190255,367098,0,367098,The Basket
tt0190332,128078872,85446864,213525736,"Crouching Tiger, Hidden Dragon"
tt0190374,15391970,18586724,33978694,Dungeons & Dragons
tt0190524,4224065,0,4224065,Left Behind: The Movie
tt0190590,45512588,26355739,71868327,"O Brother, Where Art Thou?"
tt0190641,85744662,77900000,163644662,Pokï¿½ï¿½ï¿½ï¿½ï¿½ï¿½ï¿½ï¿½ï¿½ï¿½ï¿½ï¿½ï¿½ï¿½ï¿
tt0190798,277596,0,277596,Solas
tt0190861,51080,133221,184301,Vatel
tt0190865,69243859,146420000,215663859,Vertical Limit
tt0191037,14693,0,14693,Circus
tt0191043,1817216,907379,2724595,The Color of Paradise
tt0191074,46375,0,46375,New Best Friend
tt0191076,316043,0,316043,Le dernier souffle
tt0191133,30250745,2194470,32445215,The Fighting Temptations
tt0191177,2199,0,2199,Dischord
tt0191211,4268,0,4268,Jersey Guy
tt0191397,44737059,5317452,50054511,The Replacements
tt0191636,3193889,4000000,7193889,The Widow of Saint-Pierre
tt0191754,37170488,25028457,62198945,28 Days
tt0192069,7358,0,7358,Gendernauts: A Journey Through Shifting Identities
tt0192071,11576464,8323902,19900366,Get Over It
tt0192111,10424470,2702552,13127022,Head Over Heels
tt0192194,85400,0,85400,Julien Donkey-Boy
tt0192255,13572400,14393465,27965865,The Little Vampire
tt0192335,507941,0,507941,"Mr. Death: The Rise and Fall of Fred A. Leuchter, Jr."
tt0192614,35046120,15756000,50802120,The Skulls
tt0192657,98452,37440,135892,Swiri
tt0192731,21468807,17105555,38574362,Urban Legends: Final Cut
tt0192766,403069,0,403069,A Wake in Providence
tt0192949,10886,0,10886,Stardom
tt0193135,2000,0,2000,Enemies of Laughter
tt0193253,94591,0,94591,Jin-Roh: The Wolf Brigade
tt0193560,623374,140366,763740,Texas Rangers
tt0193854,133122,0,133122,A Shot at Glory
tt0193925,12475172,4178003,16653175,Extreme
tt0194138,26747,0,26747,"Massoud, the Afghan"
tt0194218,779137,0,779137,Panic
tt0194314,1585642,0,1585642,Romance
tt0194530,2543,0,2543,Whatever Happened to Harold Smith?
tt0194544,2898991,0,2898991,Wildfire: Feel the Heat
tt0194710,15900,0,15900,Bobby G. Can't Swim
tt0195234,12178602,14151880,26330482,Saving Grace
tt0195685,125595205,130676081,256271286,Erin Brockovich
tt0195714,53331147,59549147,112880294,Final Destination
tt0195778,10522168,350980,10873148,Here on Earth
tt0195945,57328603,2498725,59827328,Next Friday
tt0196106,1248746,0,1248746,MVP: Most Valuable Primate
tt0196216,17266359,12668118,29934477,Small Time Crooks
tt0196229,45172250,15608731,60780981,Zoolander
tt0196596,168874,0,168874,Grizzly Falls
tt0196635,47238,0,47238,International Khiladi
tt0196708,449482,0,449482,Lockdown
tt0196857,8434146,244666,8678812,Play It to the Bone
tt0197096,1045899,603756,1649655,What's Cooking?
tt0197311,32625,0,32625,Boesman and Lena
tt0197633,11290,0,11290,Live Freaky Die Freaky
tt0197646,2763,0,2763,Lush
tt0198021,33772838,7090880,40863718,Where the Heart Is
tt0198339,4364,0,4364,Blood & Tears
tt0198386,13023075,82778,13105853,The Crew
tt0198781,290410256,289064814,579475070,"Monsters, Inc."
tt0199290,9832166,0,9832166,3 Strikes
tt0199314,159668,643283,802951,About Adam
tt0199626,4750602,18976191,23726793,In the Cut
tt0199683,200920,0,200920,Kikujiro
tt0199725,27459615,268503,27728118,Love & Basketball
tt0199727,1400,0,1400,"Love, Honor and Obey"
tt0199753,17480890,15983079,33463969,Red Planet
tt0200027,30165536,5577772,35743308,Riding in Cars with Boys
tt0200071,266665,0,266665,Rosetta
tt0200087,288733,0,288733,Sarfarosh
tt0200427,191221,0,191221,Diamond Men
tt0200465,30060660,34762136,64822796,The Bank Job
tt0200469,10155690,0,10155690,Bats
tt0200530,1055671,126394,1182065,Chuck & Buck
tt0200550,60786269,53130205,113916474,Coyote Ugly
tt0200669,3050532,2703146,5753678,The Golden Bowl
tt0200720,3043284,2121120,5164404,The House of Mirth
tt0201020,8360,0,8360,The Rising Place
tt0201290,856,0,856,The Underground Comedy Movie
tt0201485,36849,243928,280777,The Body
tt0201840,1079108,0,1079108,The Cup
tt0201899,38610,0,38610,A Rumor of Angels
tt0202402,8745680,1156435,9902115,Whatever It Takes
tt0202470,17008282,2325863,19334145,Rock Star
tt0202559,19478,0,19478,A Room for Romeo Brass
tt0202641,1015122,0,1015122,Two Family House
tt0202677,6055661,7014079,13069740,The Way of the Gun
tt0202711,234287,0,234287,Swimming
tt0203009,57386607,121826827,179213434,Moulin Rouge!
tt0203019,48818921,33524574,82343495,Men of Honor
tt0203027,488,0,488,Nobody
tt0203119,6946056,3099621,10045677,Sexy Beast
tt0203166,1034829,13537400,14572229,Together
tt0203230,9416804,1825717,11242521,You Can Count on Me
tt0203289,907835,196573,1104408,American Desi
tt0203408,12614346,0,12614346,The Omega Code
tt0203540,1443067,517987,1961054,Greenfingers
tt0203632,872091,132767,1004858,The Princess and the Warrior
tt0203755,6290673,7182697,13473370,One Night at McCool's
tt0204137,43805,0,43805,Animal Factory
tt0204175,21799652,4050963,25850615,Boys and Girls
tt0204313,41821986,35077951,76899937,Exorcist: The Beginning
tt0204471,130572,0,130572,Matroni et moi
tt0204626,28946615,18321214,47267829,The Watcher
tt0204640,1111273,0,1111273,Sordid Lives
tt0204700,9189,0,9189,Trouble Every Day
tt0204709,359050,42249,401299,An Affair of Love
tt0204933,11384,0,11384,Camera Obscura
tt0204946,68379000,22070929,90449929,Bring It On
tt0205000,65538755,27400000,92938755,Deuce Bigalow: Male Gigolo
tt0205271,13113041,9731250,22844291,Dr. T & the Women
tt0205461,15933506,3814503,19748009,Thomas and the Magic Railroad
tt0205873,2552992,14022082,16575074,The Dish
tt0206020,214574,0,214574,Hote Hote Pyar Hogaya
tt0206113,517262,0,517262,Madison
tt0206187,373366,0,373366,Keep the River on Your Right: A Modern Cannibal Tale
tt0206226,268117,0,268117,Psycho Beach Party
tt0206275,91057006,40649803,131706809,Save the Last Dance
tt0206314,21974919,14667919,36642838,Joy Ride
tt0206367,102202,526185,628387,The Trumpet of the Swan
tt0206420,5020111,5174163,10194274,Woman on Top
tt0206634,35552383,34407368,69959751,Children of Men
tt0206742,17131,211656,228787,Fast Food Fast Women
tt0206762,127212,0,127212,Friends and Family
tt0206917,747092,343340,1090432,The Man Who Cried
tt0206926,20501,144545,165046,Maybe Baby
tt0206963,568762,26243,595005,My First Mister
tt0207198,33545,1980617,2014162,What to Do in Case of Fire
tt0207201,182811707,191300000,374111707,What Women Want
tt0207363,777477,0,777477,Laura Cadieux... la suite
tt0207513,310330,0,310330,Hindustan Ki Kasam
tt0207524,49894,0,49894,How to Kill Your Neighbor's Dog
tt0207998,82378,0,82378,Better Living Through Circuitry
tt0208003,117559438,56400000,173959438,Big Momma's House
tt0208092,30328156,53229716,83557872,Snatch
tt0208181,70920,0,70920,Todo el poder
tt0208196,688523,0,688523,Happy Accidents
tt0208261,1712385,0,1712385,The Life and Times of Hank Greenberg
tt0208874,17872723,4489088,22361811,The Contender
tt0208911,17929,0,17929,The King Is Alive
tt0208988,14967182,4445811,19412993,Get Carter
tt0208990,1016340,10751062,11767402,The Son's Room
tt0208993,108058,0,108058,Downtown 81
tt0209037,81734,15619,97353,Everybody's Famous!
tt0209055,11816,0,11816,Janice Beard
tt0209144,25544867,14178229,39723096,Memento
tt0209163,202019785,230993489,433013274,The Mummy Returns
tt0209189,592586,0,592586,Not One Less
tt0209463,259510,0,259510,The Wind Will Carry Us
tt0209475,60400856,34327673,94728529,The Wedding Planner
tt0209958,61334059,42821784,104155843,The Cell
tt0210065,30915,0,30915,Gangster No. 1
tt0210070,2554,0,2554,Ginger Snaps
tt0210075,1565852,100176,1666028,Girlfight
tt0210149,5159,0,5159,Lakeboat
tt0210217,5151,11962,17113,Pandaemonium
tt0210234,43758684,90190586,133949270,Pokï¿½ï¿½ï¿½ï¿½ï¿½ï¿½ï¿
tt0210299,3059834,111439,3171273,Songcatcher
tt0210382,109130,212149,321279,The Weight of Water
tt0210567,3157348,12582,3169930,Beautiful
tt0210584,31288,0,31288,Bootmen
tt0210616,17200925,9185016,26385941,Center Stage
tt0210717,635361,0,635361,Goya in Bordeaux
tt0210727,2619885,18198096,20817981,Himalaya
tt0210916,203975,0,203975,Postmen in the Mountains
tt0210945,115654751,21051932,136706683,Remember the Titans
tt0211181,66957026,116654745,183611771,102 Dalmatians
tt0211286,238754,0,238754,La bï¿½ï¿
tt0211443,13121555,3830243,16951798,Jason X
tt0211465,11715637,1090977,12806614,Knockaround Guys
tt0211492,1053070,811677,1864747,The Luzhin Defence
tt0211915,33225499,140696455,173921954,Amï¿½ï¿
tt0211933,14377198,18308481,32685679,Awake
tt0211934,660216,0,660216,Baadshah
tt0211938,15325127,146842,15471969,Bait
tt0212132,55188,0,55188,The Tracker
tt0212142,24082,0,24082,American Storytellers
tt0212338,166244045,164200000,330444045,Meet the Parents
tt0212346,106807667,105935053,212742720,Miss Congeniality
tt0212380,637769,192517,830286,Blow Dry
tt0212604,466664,0,466664,Tully
tt0212712,1444588,18025651,19470239,2046
tt0212720,78616689,157309863,235926552,A.I. Artificial Intelligence
tt0212815,512451,0,512451,Big Eden
tt0212826,533479,173397,706876,Bread and Roses
tt0212827,318823,0,318823,Bride of the Wind
tt0212974,1115313,46688,1162001,Groove
tt0212985,165092268,186600000,351692268,Hannibal
tt0213121,774469,0,774469,New Waterford Girl
tt0213149,198542554,250678391,449220945,Pearl Harbor
tt0213203,76507756,26783375,103291131,Rugrats in Paris: The Movie
tt0213446,49136,0,49136,The Amati Girls
tt0213524,722847,2566200,3289047,Bluff Master
tt0213569,119506,0,119506,The Komediant
tt0213682,114425,0,114425,Taboo
tt0213749,15627434,11910925,27538359,Cirque du Soleil: Journey of Man
tt0213775,70257,0,70257,Kohram
tt0213790,13616610,126602,13743212,The Ladies Man
tt0213847,3448233,11045051,14493284,Malena
tt0213890,1070000,3209351,4279351,Mohabbatein
tt0214730,313039,0,313039,Grass
tt0214931,158928,0,158928,Mast
tt0215129,68540777,51213501,119754278,Road Trip
tt0215139,127103,186798,313901,Russian Doll
tt0215369,1157764,993165,2150929,Shower
tt0215545,2274979,188671,2463650,Bamboozled
tt0215679,33941,34627,68568,Cowboys and Angels
tt0215750,51401758,45574512,96976270,Enemy at the Gates
tt0215850,376714,0,376714,Hochelaga
tt0216216,34604280,61481197,96085477,The 6th Day
tt0216569,81760,0,81760,Best Man in Grass Creek
tt0216578,225390,0,225390,Murderous Maids
tt0216625,95242,0,95242,Code Unknown
tt0216651,151086,0,151086,Vampire Hunter D: Bloodlust
tt0216689,230900,0,230900,Les destinï¿½ï
tt0216707,284856,0,284856,Dil Kya Kare
tt0216772,1247949,0,1247949,Turn It Up
tt0216787,891369,130569,1021938,The Taste of Others
tt0216799,1871025,1162621,3033646,Harrison's Flowers
tt0216800,3830441,11641745,15472186,With a Friend Like Harry...
tt0216817,2005094,0,2005094,Hum Saath-Saath Hain: We Stand United
tt0217019,100544,0,100544,Sade
tt0217107,1161843,0,1161843,Trois
tt0217119,10720,40428,51148,A Matter of Taste
tt0217287,71046,0,71046,Boricua's Bond
tt0217351,41284,0,41284,Dahek: A Burning Passion
tt0217355,67913,54208,122121,Dancing at the Blue Iguana
tt0217505,77812000,115960504,193772504,Gangs of New York
tt0217630,15618626,2786080,18404706,Loser
tt0217756,12394327,58035,12452362,Ready to Rumble
tt0217788,4725,0,4725,Secret Society
tt0217869,95011339,153106782,248118121,Unbreakable
tt0217978,850,80626,81476,'R Xmas
tt0218043,2053648,0,2053648,Beyond the Mat
tt0218107,235087,26068,261155,Circuit
tt0218112,164927,9084,174011,The Closer You Get
tt0218182,75228,0,75228,An Everlasting Piece
tt0218378,669258,216578,885836,The Claim
tt0218379,114283,0,114283,Kippur
tt0218390,6505,0,6505,The Last Place on Earth
tt0218533,314701,0,314701,Call
tt0218581,18062,0,18062,Scarlet Diva
tt0218619,3111545,1187596,4299141,Soul Survivors
tt0218705,6237,0,6237,All My Loved Ones
tt0218817,11328094,6867516,18195610,Antitrust
tt0218839,18715392,2074164,20789556,Best in Show
tt0218922,16534221,18868099,35402320,Original Sin
tt0218967,75793305,48951778,124745083,The Family Man
tt0219338,2964,0,2964,Tattoo Bar
tt0219400,267109,107203,374312,Waking Up in Reno
tt0219405,48333,0,48333,Waydowntown
tt0219653,33022767,14030858,47053625,Dracula 2000
tt0219699,12008642,32558964,44567606,The Gift
tt0219756,1480,0,1480,Heartbreak Hospital
tt0219822,705308,869352,1574660,Human Nature
tt0219854,69691949,40625631,110317580,The Kid
tt0219935,20073,0,20073,"Float Like a Butterfly, Sting Like a Bee"
tt0219952,10042516,847706,10890222,Lucky Numbers
tt0219965,41575141,26056762,67631903,Bandits
tt0220095,112891,0,112891,Thicker Than Water
tt0220099,45554533,50605267,96159800,The Tigger Movie
tt0220100,1057750,373656,1431406,Timecode
tt0220157,133376,936272,1069648,When Brendan Met Trudy
tt0220331,1379,0,1379,Besotted
tt0220506,30354442,7310413,37664855,Halloween: Resurrection
tt0220580,307333,228087,535420,Intacto
tt0220596,100975,0,100975,Khauff
tt0220627,254380,0,254380,Maelstrom
tt0220832,81367,0,81367,Vaastav: The Reality
tt0220861,13066,0,13066,The Winners
tt0221013,6749187,0,6749187,Sï¿½ï¿½ï¿½ï¿½ï¿½ï¿½ï¿½ï¿½ï¿½ï¿½ï¿½
tt0221027,52990775,30291521,83282296,Blow
tt0221073,236185,0,236185,Chopper
tt0221074,279225,0,279225,Christmas in the Clouds
tt0221218,18150259,5469350,23619609,The Glass House
tt0221344,52000,0,52000,Herod's Law
tt0221794,83372,0,83372,ABCD
tt0221799,850255,120421,970676,An American Rhapsody
tt0221809,32267,114446,146713,Ayurveda: Art of Being
tt0221838,87400,0,87400,Borstal Boy
tt0221889,55835,161844,217679,Beautiful Creatures
tt0221959,3328240,0,3328240,Fifty
tt0222012,274675,0,274675,Hey Ram
tt0222270,588606,0,588606,Phir Bhi Dil Hai Hindustani
tt0222850,1746585,272536,2019121,The Broken Hearts Club: A Romantic Comedy
tt0222851,450594,14800000,15250594,Brother
tt0223571,120808,0,120808,Jocks
tt0223828,15217,0,15217,Off the Lip
tt0223897,33519628,22187783,55707411,Pay It Forward
tt0224578,110134,91113,201247,The Vertical Ray of the Sun
tt0225071,24174218,5541388,29715606,Angel Eyes
tt0225196,76544,0,76544,Blue Moon
tt0225515,401245,0,401245,Dillagi
tt0226430,38181,0,38181,Shadow Hours
tt0226648,4811282,0,4811282,Wolves
tt0226935,60902,0,60902,Chelsea Walls
tt0227005,5313300,167353,5480653,Made
tt0227277,183132,0,183132,Burnt Money
tt0227445,71107711,42472207,113579918,The Score
tt0227538,112719001,35215179,147934180,Spy Kids
tt0227671,105401,0,105401,Tortilla Heaven
tt0227984,5204007,7677598,12881605,Formula 51
tt0228242,363409,0,363409,The Adventures of Felix
tt0228277,2963,5778,8741,Everything Put Together
tt0228301,9736,0,9736,Finding Home
tt0228333,8709640,5301192,14010832,Ghosts of Mars
tt0228750,32598931,30162074,62761005,Proof of Life
tt0228786,594966,59500000,60094966,The Crimson Rivers
tt0229002,281803,0,281803,Green Dragon
tt0229260,26437094,21300000,47737094,Book of Shadows: Blair Witch 2
tt0229340,634566,0,634566,Dinner Rush
tt0230011,84056472,101997253,186053725,Atlantis: The Lost Empire
tt0230025,148479,0,148479,Bartleby
tt0230030,37886980,52496228,90383208,Bedazzled
tt0230055,203548,0,203548,Bulandi
tt0230098,49237,0,49237,Confusion of Genders
tt0230512,257315,0,257315,Mayor of the Sunset Strip
tt0230591,156818,0,156818,One Day in September
tt0230600,96522687,113424350,209947037,The Others
tt0230783,33842,0,33842,Signs & Wonders
tt0230838,25288103,40466125,65754228,Sweet November
tt0231402,25635682,13802992,39438674,Crocodile Dundee in Los Angeles
tt0231448,6080065,202381,6282446,Deuces Wild
tt0231775,64186502,7000000,71186502,Down to Earth
tt0232079,220524,0,220524,Mela
tt0232083,443238,7529013,7972251,Merci pour le Chocolat
tt0232500,144533925,62750000,207283925,The Fast and the Furious
tt0233142,15749959,2970216,18720175,3000 Miles to Graceland
tt0233230,27256,0,27256,Three
tt0233315,37111,0,37111,Benjamin Smoke
tt0233418,65172,0,65172,One
tt0233469,40077257,38305176,78382433,Collateral Damage
tt0233508,11253900,5400000,16653900,CyberWorld
tt0233687,1029591,0,1029591,The Eyes of Tammy Faye
tt0233841,125900,0,125900,Baran
tt0233856,245034,0,245034,Hello Brother
tt0234137,543896,0,543896,Love & Sex
tt0234215,281576461,457835574,739412035,The Matrix Reloaded
tt0234288,1332586,211731,1544317,Divided We Fall
tt0234354,2036682,497690,2534372,Novocaine
tt0234570,2630,3350,5980,Rat
tt0234829,19753553,18894,19772447,Summer Catch
tt0234853,4342203,63827,4406030,The Tao of Steve
tt0234940,47806,1537333,1585139,Two
tt0234988,66303,0,66303,The Town Is Quiet
tt0235060,1280490,5500000,6780490,The Road Home
tt0235198,131296,111463,242759,Audition
tt0235327,309648,24195,333843,Dark Days
tt0235412,5858,59257,65115,Gaudi Afternoon
tt0235553,18926,0,18926,Love and a Bullet
tt0235679,17052128,51359147,68411275,Pokï¿½ï¿½ï¿½ï¿½ï¿½ï¿½
tt0235737,764554,308644,1073198,The Salton Sea
tt0236008,225682,0,225682,The Ballad of Ramblin' Jack
tt0236019,19521,600867,620388,Better Than Sex
tt0236034,15545,360545,376090,Born Romantic
tt0236172,3657,0,3657,Dr. Benny
tt0236216,612192,0,612192,The Filth and the Fury
tt0236348,14271015,595000,14866015,Josie and the Pussycats
tt0236388,38182790,0,38182790,The Original Kings of Comedy
tt0236447,50715,0,50715,Long Night's Journey Into Day
tt0236493,66845033,81000000,147845033,The Mexican
tt0236576,96630,0,96630,Paragraph 175
tt0236638,56119,214771,270890,Deep in the Woods
tt0236784,13729742,14278720,28008462,The Tailor of Panama
tt0237534,11260096,59492808,70752904,Brotherhood of the Wolf
tt0237539,5318679,3159755,8478434,Bread and Tulips
tt0237572,19733089,9686202,29419291,The Pledge
tt0237993,126404,175478,301882,101 Reykjavï¿½
tt0237994,43595,0,43595,"February 15, 1839"
tt0238015,992683,0,992683,All Access: Front Row. Backstage. Live!
tt0238066,8779,0,8779,Bounce: Behind the Velvet Rope
tt0238112,25543895,36569000,62112895,Captain Corelli's Mandolin
tt0238247,2637726,0,2637726,God's Army
tt0238321,47027,0,47027,Ivansxtc
tt0238380,1203794,4155851,5359645,Equilibrium
tt0238546,30336800,15142310,45479110,Queen of the Damned
tt0238829,8959784,15114896,24074680,Alien Adventure
tt0238924,1815864,220735,2036599,The Dangerous Lives of Altar Boys
tt0238936,2745382,2682448,5427830,Devdas
tt0238948,29831583,1771476,31603059,Double Take
tt0239234,331051,797086,1128137,The Lady and the Duke
tt0239381,126783,0,126783,O Fantasma
tt0239395,93385515,107301977,200687492,Cats & Dogs
tt0239507,69250,0,69250,Girls Can't Swim
tt0239948,19402030,6684676,26086706,Saving Silverman
tt0239949,5520393,6800000,12320393,Say It Isn't So
tt0239986,2402652,1117721,3520373,Sidewalks of New York
tt0240122,69613,1055445,1125058,Tosca
tt0240149,183266,12629130,12812396,The Girl from Paris
tt0240200,5529144,7485812,13014956,Water
tt0240402,1101344,359343,1460687,The Center of the World
tt0240462,112952899,63151445,176104344,Dr. Dolittle 2
tt0240468,16037962,956663,16994625,Kung Pow: Enter the Fist
tt0240510,18306166,11576479,29882645,The Four Feathers
tt0240515,14254993,78259,14333252,Freddy Got Fingered
tt0240772,183417150,267300000,450717150,Ocean's Eleven
tt0240885,6123,0,6123,Scottsboro: An American Tragedy
tt0240890,50294317,27221987,77516304,Serendipity
tt0240900,5285941,1127974,6413915,Slackers
tt0240912,114882,0,114882,Sound and Fury
tt0240913,1452698,5078989,6531687,Under the Sand
tt0240980,120601,37119,157720,Till Human Voices Wake Us
tt0241025,16136476,3326709,19463185,Vanity Fair
tt0241223,88414,1271598,1360012,The Bank
tt0241303,71509363,81190583,152699946,Chocolat
tt0241527,317575550,657179821,974755371,Harry Potter and the Sorcerer's Stone
tt0241760,29760152,1407236,31167388,The New Guy
tt0242193,480811,223997,704808,Bully
tt0242252,471210,726903,1198113,The Affair of the Necklace
tt0242423,46729800,26450923,73180723,"Dude, Where's My Car?"
tt0242445,51758599,28200000,79958599,Exit Wounds
tt0242508,56653,0,56653,Harvard Man
tt0242587,1138836,528356,1667192,L.I.E.
tt0242653,139313948,288029350,427343298,The Matrix Revolutions
tt0242795,326484,0,326484,Come Undone
tt0242994,907323,1082456,1989779,Va Savoir
tt0242998,20384136,16300000,36684136,Valentine
tt0243017,2901447,275433,3176880,Waking Life
tt0243133,7504257,11412366,18916623,The Man Who Wasn't There
tt0243135,251444,0,251444,Happenstance
tt0243155,71543427,210386368,281929795,Bridget Jones's Diary
tt0243255,725854,39851,765705,Fat Girl
tt0243415,173599,0,173599,Mercy Streets
tt0243493,6678894,43425851,50104745,The Closet
tt0243508,6850,0,6850,Pursuit of Happiness
tt0243585,64956806,105000000,169956806,Stuart Little 2
tt0243655,295206,0,295206,Wet Hot American Summer
tt0243736,37950822,57195461,95146283,40 Days and 40 Nights
tt0243862,4544753,11804815,16349568,Italian for Beginners
tt0243889,49388,0,49388,Eureka
tt0244000,13342790,336123,13678913,American Outlaws
tt0244094,307631,0,307631,Never Again
tt0244244,69772969,77307444,147080413,Swordfish
tt0244316,1136776,59442,1196218,Yi Yi
tt0244476,22071,0,22071,Cuba feliz
tt0244479,258771,2122412,2381183,Dark Blue World
tt0244504,323923,237020,560943,Me You Them
tt0244521,2844,28446,31290,Funny Money
tt0244528,42914,0,42914,Hadh Kar Di Aapne
tt0244709,36992,0,36992,Pavilion of Women
tt0244794,50785,0,50785,Only You
tt0244970,27343067,11346873,38689940,Someone Like You
tt0245046,741394,4581715,5323109,Charlotte Gray
tt0245115,563373,36150,599523,The Fluffer
tt0245120,7288451,1416400,8704851,The Forsaken
tt0245157,49468,231751,281219,Zus & Zo
tt0245171,81954,68189,150143,Invincible
tt0245238,307233,89664,396897,Lost and Delirious
tt0245280,18650521,2618011,21268532,Michael Jordan to the Max
tt0245294,51570,0,51570,Moonlight
tt0245317,14600,0,14600,The Next Big Thing
tt0245341,28454,0,28454,P.S. Your Cat Is Dead!
tt0245407,1084935,2610775,3695710,Crush
tt0245429,11252650,264869236,276121886,Spirited Away
tt0245479,64389,0,64389,Just a Kiss
tt0245562,40914068,36714197,77628265,Windtalkers
tt0245573,104130,0,104130,XX/XY
tt0245574,13839658,19777034,33616692,Y Tu Mamï¿½ï¿½ï¿½ï¿
tt0245674,41867960,26600000,68467960,Thir13en Ghosts
tt0245686,27087695,3900000,30987695,Joe Dirt
tt0245712,5408467,15500000,20908467,Amores Perros
tt0245803,23358708,14355171,37713879,Bulletproof Monk
tt0245825,199227,0,199227,Chal Mere Bhai
tt0245844,54234062,21160986,75395048,The Count of Monte Cristo
tt0245891,1047553,0,1047553,Extremedays
tt0245904,582787,0,582787,Forgive Me Father
tt0245929,18944,0,18944,Devils on the Doorstep
tt0246002,23249649,146400,23396049,Kingdom Come
tt0246072,26041,0,26041,Maze
tt0246134,54606,2504711,2559317,Lucky Break
tt0246135,31539,6204,37743,Out 1
tt0246266,23520,18252,41772,Blackboards
tt0246404,14460,0,14460,The 24th Day
tt0246460,160942139,271028977,431971116,Die Another Day
tt0246464,7267307,1226583,8493890,Big Trouble
tt0246500,252706,27752,280458,Who Is Cletis Tout?
tt0246544,27073640,5000000,32073640,The Musketeer
tt0246578,1478493,2769303,4247796,Donnie Darko
tt0246592,71646,0,71646,Dummy
tt0246593,3733,0,3733,Big Animal
tt0246628,645418,0,645418,Focus
tt0246677,784399,3459138,4243537,Heaven
tt0246765,352296,0,352296,Lumumba
tt0246772,4160475,5691547,9852022,Mostly Martha
tt0246894,18990798,6861966,25852764,Rollerball
tt0246989,13558739,9872027,23430766,Tomcats
tt0247196,4242892,4284625,8527517,Before Night Falls
tt0247199,416925,857187,1274112,The Believer
tt0247380,155320,0,155320,The Gleaners & I
tt0247425,35930604,7438175,43368779,In the Bedroom
tt0247444,13670733,131866,13802599,Juwanna Mann
tt0247586,1222889,11190999,12413888,Nine Queens
tt0247638,108248956,57086197,165335153,The Princess Diaries
tt0247745,18492362,4689861,23182223,Super Troopers
tt0248012,596591,0,596591,Fiza
tt0248126,2902000,8427690,11329690,Kabhi Khushi Kabhie Gham...
tt0248169,505675,0,505675,Manna from Heaven
tt0248190,62703,0,62703,No Such Thing
tt0248617,1000229,93590,1093819,Yaadein...
tt0248667,58203105,29510720,87713825,Ali
tt0248845,3067312,576888,3644200,Hedwig and the Angry Inch
tt0249241,25461,0,25461,Werckmeister Harmonies
tt0249371,731277,609441,1340718,Ashoka the Great
tt0249380,420224,24019,444243,Baise-moi
tt0249462,21995263,87285000,109280263,Billy Elliot
tt0249478,45246095,9003199,54249294,Domestic Disturbance
tt0249538,104883,0,104883,The Girl
tt0249588,75446,0,75446,Hum To Mohabbat Karega
tt0250067,306567,0,306567,The Trip
tt0250081,921445,397500,1318945,Storytelling
tt0250125,30666,0,30666,Under the Skin of the City
tt0250202,1022324,29624,1051948,All Over the Guy
tt0250223,3115188,16900423,20015611,Asterix and Obelix Meet Cleopatra
tt0250224,16937988,3000000,19937988,Crazy/Beautiful
tt0250258,144634,2183121,2327755,The Experiment
tt0250274,27457409,500782,27958191,The Brothers
tt0250282,28149,0,28149,Teddy Bears' Picnic
tt0250310,23980304,1292448,25272752,Corky Romano
tt0250323,8823109,1208420,10031529,The Deep End
tt0250371,4720371,0,4720371,The Other Side of Heaven
tt0250415,406235,0,406235,Har Dil Jo Pyar Karega...
tt0250478,370562,2288,372850,Nico and Dani
tt0250494,96520674,45254005,141774679,Legally Blonde
tt0250617,17643,0,17643,Night at the Golden Eagle
tt0250687,56618055,28880479,85498534,Rat Race
tt0250690,590000,0,590000,Refugee
tt0250720,33357476,9700076,43057552,See Spot Run
tt0250774,365318,0,365318,Tera Jadoo Chal Gayaa
tt0250797,52775765,66362019,119137784,Unfaithful
tt0250809,525330,99195,624525,Our Lady of the Assassins
tt0251031,195065,105021,300086,Series 7: The Contenders
tt0251075,38345494,60030798,98376292,Evolution
tt0251110,29367,0,29367,Gypsy 83
tt0251114,19077641,13209403,32287044,Hart's War
tt0251127,105813373,71558068,177371441,How to Lose a Guy in 10 Days
tt0251141,2202382,824414,3026796,Innocence
tt0251160,71756802,30487968,102244770,John Q
tt0251433,10770,233208,243978,Time and Tide
tt0251447,46296,0,46296,The Tunnel
tt0251736,12634962,4194583,16829545,House of 1000 Corpses
tt0251739,1210967,0,1210967,Margaret Cho: I'm the One That I Want
tt0251756,54125,0,54125,Jungle
tt0251777,159338,0,159338,Km. 0 - Kilometer Zero
tt0252028,11663156,2951736,14614892,Surviving Christmas
tt0252076,94011225,60895468,154906693,Maid in Manhattan
tt0252223,23662,97596,121258,All the Queen's Men
tt0252225,21419,0,21419,Almost Salinas
tt0252299,354421,1940853,2295274,Buffalo Soldiers
tt0252444,6199600,10017811,16217411,Rabbit-Proof Fence
tt0252480,517872,103720,621592,The Grey Zone
tt0252501,24185781,6733634,30919415,Hearts in Atlantis
tt0252503,23510841,4999811,28510652,Heist
tt0252684,69958,0,69958,Manic
tt0252866,145103595,142450000,287553595,American Pie 2
tt0253063,16918,0,16918,Eban and Charley
tt0253126,228194,2112217,2340411,High Heels and Low Lifes
tt0253200,2329631,4544261,6873892,Last Orders
tt0253335,8042,0,8042,No Turning Back
tt0253474,32572577,87500000,120072577,The Pianist
tt0253556,43061982,39088201,82150183,Reign of Fire
tt0253586,10133,0,10133,Revolution #9
tt0253754,43254409,24082061,67336470,Star Trek: Nemesis
tt0253798,13906394,876282,14782676,Out Cold
tt0253840,447267,54175,501442,The Triumph of Love
tt0253867,24718164,43978606,68696770,The Sweetest Thing
tt0254099,4047329,884559,4931888,The Anniversary Party
tt0254199,414358,85533,499891,CQ
tt0254455,1594779,6045901,7640680,Sex and Lucï¿½
tt0254481,671372,11496860,12168232,Koi... Mil Gaya
tt0254686,1012069,5737246,6749315,The Piano Teacher
tt0255055,3921642,2863343,6784985,China: The Panda Adventure
tt0255094,484472,78800,563272,The Circle
tt0255111,45380,0,45380,Dhadkan
tt0255212,392076,0,392076,Hamara Dil Aapke Paas Hai
tt0255305,26731,0,26731,Khiladi 420
tt0255309,36890,0,36890,Kurukshetra
tt0255312,12614,0,12614,Lansdown
tt0255321,1016021,929668,1945689,Liam
tt0255477,3684305,40626090,44310395,Pinocchio
tt0255589,20666,4297,24963,The Isle
tt0255653,4467615,107147,4574762,Tortilla Soup
tt0255798,57743062,27029680,84772742,The Animal
tt0255819,28734552,647097,29381649,Baby Boy
tt0256009,755249,5703771,6459020,The Devil's Backbone
tt0256103,405094,2267433,2672527,Intimacy
tt0256259,139789,255386,395175,Pauline and Paulette
tt0256276,10113733,4702165,14815898,Possession
tt0256359,319299,133993,453292,The Safety of Objects
tt0256380,70839203,70230657,141069860,Shallow Hal
tt0256408,1283356,546652,1830008,Startup.com
tt0256415,127223418,53399006,180622424,Sweet Home Alabama
tt0256524,7517191,11397116,18914307,The Curse of the Jade Scorpion
tt0257044,104454762,76546716,181001478,Road to Perdition
tt0257076,116934650,90790989,207725639,S.W.A.T.
tt0257106,71308997,69911681,141220678,Scary Movie 2
tt0257215,27983,872643,900626,A Song for Martin
tt0257282,48911,0,48911,Bolivar Is Me
tt0257360,65016287,40818269,105834556,About Schmidt
tt0257497,5340,0,5340,La Commune
tt0257516,19297522,10324200,29621722,Cursed
tt0257568,66934963,21994148,88929111,Kangaroo Jack
tt0257756,41543917,22237893,63781810,High Crimes
tt0257953,1808679,0,1808679,NSync: Bigger Than Live
tt0258000,96397334,100000081,196397415,Panic Room
tt0258038,3313583,0,3313583,Pootie Tang
tt0258068,12988801,14685323,27674124,The Quiet American
tt0258127,23792,0,23792,Liars Club
tt0258153,9688676,9887347,19576023,S1m0ne
tt0258273,4222923,454929,4677852,Lovely & Amazing
tt0258463,121661683,92372541,214034224,The Bourne Identity
tt0258470,5007898,0,5007898,Bubble Boy
tt0258761,37283,27758,65041,Last Resort
tt0258816,257252,895276,1152528,The Reckoning
tt0258854,190441,0,190441,One Week
tt0259054,4083,0,4083,Ordinary Sinner
tt0259072,587654,0,587654,A Time for Drunken Horses
tt0259207,1191835,0,1191835,Backstage
tt0259219,3365,0,3365,Blossoms of Fire
tt0259288,30323400,22000000,52323400,Dragonfly
tt0259324,115802596,112935797,228738393,Ghost Rider
tt0259393,4623189,11124261,15747450,Lantana
tt0259446,241438208,127305836,368744044,My Big Fat Greek Wedding
tt0259484,3090862,0,3090862,Paid in Full
tt0259567,16201,0,16201,Perfect Opposites
tt0259711,100618344,102769997,203388341,Vanilla Sky
tt0259974,9631153,7012038,16643191,Digimon: The Movie
tt0260332,149971,0,149971,The Day I Became a Woman
tt0260414,188952,233880,422832,Taking Sides
tt0260695,111806,0,111806,Hometown Legend
tt0260713,46412,0,46412,Etoiles: Dancers of the Paris Opera Ballet
tt0260746,104294,0,104294,Big Bad Love
tt0260775,187308,0,187308,Calle 54
tt0260866,55001642,45018450,100020092,Don't Say a Word
tt0261066,275171,0,275171,Piï¿½ï¿
tt0261289,16930185,3215965,20146150,Serving Sara
tt0261392,30085147,3703014,33788161,Jay and Silent Bob Strike Back
tt0261697,183579,0,183579,The Hidden Fortress
tt0261983,378176,1234083,1612259,Session 9
tt0262076,33504,0,33504,The Turandot Project
tt0262396,17600423,990849,18591272,Empire
tt0262424,12600,0,12600,Freestyle: The Art of Rhyme
tt0262432,247406,36440,283846,George Washington
tt0262462,1765751,0,1765751,Carman: The Champion
tt0262792,28516,0,28516,Stations of the Elevated
tt0262826,44256,67267,111523,Thomas in Love
tt0262911,103863,0,103863,World Traveler
tt0263338,99938,0,99938,Fighter
tt0263488,37904175,21313614,59217789,Jeepers Creepers
tt0263671,44391,66959,111350,Love the Hard Way
tt0263725,304909,64317,369226,Me Without You
tt0263728,6047691,0,6047691,Megiddo: The Omega Code 2
tt0263734,4245870,0,4245870,Men with Brooms
tt0263757,37182494,7434848,44617342,Uptown Girls
tt0264013,17384,0,17384,A Skin Too Few: The Days of Nick Drake
tt0264150,15614000,3912014,19526014,View from the Top
tt0264355,127518,0,127518,American Chai
tt0264395,26793311,15999250,42792561,Basic
tt0264464,164615351,187498961,352114312,Catch Me If You Can
tt0264472,66818548,28117216,94935764,Changing Lanes
tt0264476,12798,0,12798,Children Underground
tt0264578,2453083,0,2453083,The Endurance
tt0264616,13110448,4312582,17423030,Frailty
tt0264683,4827,0,4827,High Times Potluck
tt0264689,5216,0,5216,Home Room
tt0264761,7025722,2987702,10013424,Kissing Jessica Stein
tt0264796,15667270,8236521,23903791,Life as a House
tt0264802,84706,0,84706,Live Nude Girls Unite!
tt0264935,31945749,24768398,56714147,Murder by Numbers
tt0265029,93607673,44700000,138307673,America's Sweethearts
tt0265086,108638745,64350906,172989651,Black Hawk Down
tt0265087,33426971,6549264,39976235,Black Knight
tt0265101,208538,0,208538,Boys Life 3
tt0265116,206789,227643,434432,Chaos
tt0265148,1232228,5058114,6290342,Main Prem Ki Diwani Hoon
tt0265208,14589444,15792278,30381722,The Girl Next Door
tt0265212,360251,0,360251,Grateful Dawg
tt0265298,48360547,4609467,52970014,Big Fat Liar
tt0265307,1435016,571375,2006391,The Man from Elysian Fields
tt0265343,13885966,16901390,30787356,Monsoon Wedding
tt0265349,35746370,19411169,55157539,The Mothman Prophecies
tt0265459,31597131,20626175,52223306,One Hour Photo
tt0265591,308552,0,308552,Pumpkin
tt0265632,36706141,7754709,44460850,Recess: School's Out
tt0265662,75600072,5093465,80693537,The Rookie
tt0265666,52364010,19077240,71441250,The Royal Tenenbaums
tt0265713,384098,0,384098,"Scotland, Pa."
tt0265803,81451,0,81451,Anything But Love
tt0265808,14036406,240626,14277032,Stealing Harvard
tt0265930,1048950,16671397,17720347,The Last Kiss
tt0266391,3209481,437513,3646994,The Cat's Meow
tt0266452,8364691,18247,8382938,Death to Smoochy
tt0266465,26736098,17614828,44350926,A Man Apart
tt0266489,9692135,9630000,19322135,Duplex
tt0266543,380843261,559500000,940343261,Finding Nemo
tt0266697,70099045,110800000,180899045,Kill Bill: Vol. 1
tt0266747,1648818,26888,1675706,Marci X
tt0266820,1798,0,1798,The Opera Lover
tt0266824,4115,0,4115,The Painting
tt0266915,226164286,121161516,347325802,Rush Hour 2
tt0266971,13411,0,13411,The Slaughter Rule
tt0266987,62362560,80687000,143049560,Spy Game
tt0267129,184441,1112960,1297401,Yamakasi
tt0267248,10727683,1574536,12302219,Abandon
tt0267379,12077,0,12077,Close Call
tt0267548,123719,0,123719,Haseena Maan Jaayegi
tt0267563,164386,0,164386,Hybrid
tt0267626,35168966,30547160,65716126,K-19: The Widowmaker
tt0267633,508969,0,508969,Karmina 2
tt0267804,43905746,28783380,72689126,The One
tt0267891,35428675,5012476,40441151,The Ringer
tt0267913,153294164,122356539,275650703,Scooby-Doo
tt0267928,141528,0,141528,Silsila Hai Pyar Ka
tt0268040,335726,0,335726,Wooly Boys
tt0268126,22498520,10302653,32801173,Adaptation.
tt0268200,852206,0,852206,Brigham City
tt0268219,145396,1656746,1802142,How I Killed My Father
tt0268380,176387405,206869731,383257136,Ice Age
tt0268397,80936232,22056304,102992536,Jimmy Neutron: Boy Genius
tt0268401,87000,0,87000,To Fall in Love
tt0268690,3288164,418488,3706652,Thirteen Conversations About One Thing
tt0268695,56832494,66896682,123729176,The Time Machine
tt0268696,137340,0,137340,Time of Favor
tt0268978,170742341,142800000,313542341,A Beautiful Mind
tt0268995,27807266,9510292,37317558,The Majestic
tt0269095,22449000,6965087,29414087,City by the Sea
tt0269217,75234,0,75234,Tears of the Black Tiger
tt0269329,208400,458687,667087,Alias Betty
tt0269341,22235901,155549,22391450,Two Can Play That Game
tt0269347,34244097,11252437,45496534,The Hunted
tt0269461,25440,1687981,1713421,Safe Conduct
tt0269499,1121233,4048205,5169438,My Wife Is an Actress
tt0269746,195760,62832,258592,What Time Is It There?
tt0270259,1030920,256678,1287598,The Business of Strangers
tt0270288,16007718,17006087,33013805,Confessions of a Dangerous Mind
tt0270480,280046,9026316,9306362,Mad Love
tt0270688,28811,0,28811,Teknolust
tt0270707,5350371,1742913,7093284,The Truth About Charlie
tt0270846,9219388,229256,9448644,Superbabies: Baby Geniuses 2
tt0270933,94060,0,94060,Escaflowne: The Movie
tt0270971,151779,0,151779,Go Tigers!
tt0270980,15550605,2640400,18191005,My Boss's Daughter
tt0271020,1000,0,1000,The Jimmy Show
tt0271027,36845124,27592723,64437847,Kiss of the Dragon
tt0271211,150268,0,150268,Stoked: The Rise and Fall of Gator
tt0271219,2891288,308953,3200241,Tadpole
tt0271259,336620,3836083,4172703,Welcome to Collinwood
tt0271263,23586598,246533,23833131,Eight Crazy Nights
tt0271337,25611,8760119,8785730,18 ans aprï¿½
tt0271367,17322606,28544727,45867333,Eight Legged Freaks
tt0271395,27396,0,27396,Beyond Vanilla
tt0271537,3574,0,3574,Happy Here and Now
tt0271582,1461635,0,1461635,Joshua
tt0271604,57188,0,57188,Kuch Khatti Kuch Meethi
tt0271668,36381186,13716763,50097949,National Security
tt0271748,194698,207528,402226,Raju Chacha
tt0271809,8169,0,8169,Suspended Animation
tt0271885,2418,0,2418,Zig Zag
tt0272020,18244060,9398647,27642707,The Last Castle
tt0272152,50338485,14663000,65001485,K-PAX
tt0272207,10465659,2168088,12633747,Narc
tt0272338,17844216,6821433,24665649,Punch-Drunk Love
tt0272509,3930,0,3930,"Blood, Friends and Money"
tt0272730,11422,0,11422,The Mesmerist
tt0273048,103540,0,103540,30 Years to Life
tt0273108,442813,0,442813,The Beautiful Country
tt0273253,92723,0,92723,Haiku Tunnel
tt0273300,33236,0,33236,Life: A User's Manual
tt0273435,1555959,1187377,2743336,Ararat
tt0273517,22163442,11790000,33953442,Darkness
tt0273607,299171,0,299171,Festival in Cannes
tt0273689,6140,437260,443400,It's All About Love
tt0273799,17294293,1340361,18634654,Max Keeble's Big Move
tt0273851,4296,0,4296,My Kingdom
tt0273923,41076018,2248991,43325009,Orange County
tt0273982,563711,0,563711,Poolhall Junkies
tt0274117,1471911,3921615,5393526,Read My Lips
tt0274166,28082366,132383634,160466000,Johnny English
tt0274309,1184096,1597115,2781211,24 Hour Party People
tt0274407,446955,5459398,5906353,Callas Forever
tt0274428,421343,1250701,1672044,Divine Intervention
tt0274497,215449,285481,500930,His Secret Life
tt0274558,41675994,67170078,108846072,The Hours
tt0274643,79766,0,79766,Made-Up
tt0274711,126793,5357509,5484302,People I Know
tt0274812,4059680,5244929,9304609,Secretary
tt0274868,2042,0,2042,Some Body
tt0275022,37191304,23949726,61141030,Crossroads
tt0275170,2152,0,2152,The 4th Tenor
tt0275182,9377,0,9377,Acts of Worship
tt0275263,54965,0,54965,Ciao America
tt0275277,1000045,2007858,3007903,Cowboy Bebop: The Movie
tt0275309,1300682,222408,1523090,Dogtown and Z-Boys
tt0275408,119052,0,119052,Home Movie
tt0275491,5211842,35062088,40273930,Bad Education
tt0275560,1238180,0,1238180,Nuit de noces
tt0275688,70569,0,70569,Snipes
tt0275719,490475,0,490475,Tape
tt0275847,145794338,127349813,273144151,Lilo & Stitch
tt0276033,16990825,1021272,18012097,The Country Bears
tt0276276,330067,209529,539596,Lawless Heart
tt0276501,66131,149723,215854,Beijing Bicycle
tt0276607,2219,0,2219,Virgil Bliss
tt0276751,41385278,89164177,130549455,About a Boy
tt0276816,605562,2016453,2622015,Below
tt0276860,179914,0,179914,Chop Suey
tt0276919,1535286,15145550,16680836,Dogville
tt0277027,40311852,57506287,97818139,I Am Sam
tt0277185,11882,0,11882,New York in the 50's
tt0277203,2377,0,2377,The Optimists
tt0277296,91047077,74286103,165333180,The Scorpion King
tt0277371,38252284,28216048,66468332,Not Another Teen Movie
tt0277434,78122718,36538066,114660784,We Were Soldiers
tt0277622,72844,473061,545905,Cet amour-lï¿
tt0277895,294758,0,294758,Mickey
tt0277941,86959,6498557,6585516,Ned Kelly
tt0278102,788896,0,788896,Trembling Before G-d
tt0278295,25916319,390214,26306533,All About the Benjamins
tt0278435,40007742,11793445,51801187,Enough
tt0278475,13651656,25441510,39093166,Haunted Castle
tt0278487,29813,5158,34971,Hotel
tt0278488,31178740,105000,31283740,How High
tt0278500,8384929,8906041,17290970,The Importance of Being Earnest
tt0278504,67355513,46359317,113714830,Insomnia
tt0278522,82834,73581,156415,Jodi No.1
tt0278731,1642483,4166458,5808941,Spider
tt0278823,4850753,9718991,14569744,Hollywood Ending
tt0279064,314729,1412741,1727470,Elling
tt0279065,448542,741150,1189692,Time Out
tt0279111,12882934,41002,12923936,Gods and Generals
tt0279113,14018296,2837828,16856124,The Good Girl
tt0279231,266959,389200,656159,Miss Minoes
tt0279286,4365455,37564,4403019,On the Line
tt0279331,9250301,2900000,12150301,Dark Blue
tt0279493,39089928,2514545,41604473,Undercover Brother
tt0279695,1500,0,1500,Blackwoods
tt0279706,729102,0,729102,The British Invasion Returns
tt0279721,6092,0,6092,The Calling
tt0279778,69599016,4240224,73839240,Divine Secrets of the Ya-Ya Sisterhood
tt0279781,10200032,2317456,12517488,Sorority Boys
tt0279889,22771646,1745126,24516772,Joe Somebody
tt0279977,3052,1804634,1807686,The Navigators
tt0280030,48430258,61432424,109862682,Peter Pan 2: Return to Never Land
tt0280105,15553324,4059892,19613216,Shackleton's Antarctic Adventure
tt0280380,7073251,6341165,13414416,Trapped
tt0280424,119664,0,119664,Amy's Orgasm
tt0280438,2942,0,2942,Ash Wednesday
tt0280460,30307416,7760937,38068353,The Banger Sisters
tt0280465,3779,0,3779,Bawandar
tt0280477,3802390,6836,3809226,Better Luck Tomorrow
tt0280486,30160161,35817134,65977295,Bad Company
tt0280490,426880,1658682,2085562,The Hard Word
tt0280491,773228,985461,1758689,Bloody Sunday
tt0280523,60158,38891,99049,Carnage
tt0280590,126293452,44976083,171269535,Mr. Deeds
tt0280632,34410,11316,45726,Ellie Parker
tt0280653,274299,8144753,8419052,Amen.
tt0280665,6630252,10208658,16838910,Femme Fatale
tt0280674,5491,0,5491,The First $20 Million Is Always the Hardest
tt0280696,32500,684388,716888,Garage Days
tt0280707,41308615,46445429,87754044,Gosford Park
tt0280720,3095506,21033346,24128852,The Guru
tt0280760,4777465,2141733,6919198,Igby Goes Down
tt0280778,5594617,10559336,16153953,Iris
tt0281176,72527,0,72527,The Seagull's Laughter
tt0281233,2151,0,2151,Stripped
tt0281322,12764657,2181493,14946150,Undisputed
tt0281358,41281092,6213824,47494916,A Walk to Remember
tt0281364,97220,10269140,10366360,Wasabi
tt0281373,81172560,33862530,115035090,Snow Dogs
tt0281534,9075,13806,22881,ABC Africa
tt0281680,1023156,0,1023156,"The Bread, My Sweet"
tt0281686,1239183,0,1239183,Bubba Ho-Tep
tt0281724,11305,0,11305,Cinemania
tt0281820,3517797,2239148,5756945,The Good Thief
tt0282120,40108697,20586040,60694737,The Wild Thornberrys Movie
tt0282209,32551396,14937140,47488536,Darkness Falls
tt0282552,220944,7401439,7622383,Steal
tt0282687,14448589,2424082,16872671,Life or Something Like It
tt0282698,213137,10289,223426,Love Liza
tt0282718,11480,0,11480,Manfast
tt0282768,661903,503642,1165545,The Emperor's New Clothes
tt0282771,399110,0,399110,The Mystic Masseur
tt0282856,421516,0,421516,Porn Star: The Legend of Ron Jeremy
tt0282864,247948,182914,430862,Promises
tt0282945,8018,0,8018,The Scoundrel's Wife
tt0282965,24997,0,24997,Shadow Glories
tt0283003,411119,274489,685608,Spun
tt0283026,28564995,5846245,34411240,Swimfan
tt0283084,19161999,182616,19344615,Tuck Everlasting
tt0283111,21305259,16970224,38275483,Van Wilder: Party Liaison
tt0283139,16357770,5314514,21672284,White Oleander
tt0283160,4842259,6117216,10959475,Extreme Ops
tt0283283,14904,378447,393351,Millennium Mambo
tt0283288,202272,11326,213598,The Chï¿½ï¿½
tt0283323,60000,0,60000,Down and Out with the Dolls
tt0283387,603520,0,603520,The Holy Land
tt0283422,140872,712654,853526,I'm Going Home
tt0283426,47901582,87802017,135703599,The Jungle Book 2
tt0283431,1418314,7496437,8914751,The Sun Behind the Moon
tt0283469,34222,0,34222,Martin & Orloff
tt0283503,458232,0,458232,Brooklyn Rules
tt0283509,1012153,3846716,4858869,No Man's Land
tt0283530,14118751,2199698,16318449,The Emperor's Club
tt0283632,12840842,3605429,16446271,They
tt0283832,3098776,39327807,42426583,8 Women
tt0283883,736872,2123913,2860785,And Now... Ladies and Gentlemen...
tt0283897,1013272,0,1013272,Assassination Tango
tt0283900,3897799,29375036,33272835,L'auberge espagnole
tt0284034,232044,230932,462976,Demonlover
tt0284203,8077,0,8077,In the Mirror of Maya Deren
tt0284262,263107,0,263107,Life and Debt
tt0284363,617403,6701807,7319210,I Served the King of England
tt0284426,164520,0,164520,Red Betsy
tt0284478,150445,97109,247554,Charlotte Sometimes
tt0284490,38082712,39659020,77741732,Showtime
tt0284491,77858,3262524,3340382,No News from God
tt0284494,249204,0,249204,Skins
tt0284573,17361,0,17361,Transfixed
tt0284674,11000,0,11000,Pauly Shore Is Dead
tt0284850,14369,0,14369,The Anarchist Cookbook
tt0284880,24629,0,24629,Bang Rajan
tt0284929,6073,62643,68716,Bundy
tt0284971,7883,0,7883,Coastlines
tt0285052,78668,5714871,5793539,Strange Gardens
tt0285063,1010657,0,1010657,Elvis: The Comeback Special
tt0285156,1554,0,1554,What Boys Like
tt0285280,4847,0,4847,Kira's Reason: A Love Story
tt0285441,3789952,1398337,5188289,Atanarjuat: The Fast Runner
tt0285462,8600126,6420167,15020293,Boat Trip
tt0285487,21679,0,21679,Crazy as Hell
tt0285531,33715436,42000000,75715436,Dreamcatcher
tt0285624,5161,0,5161,"Vendetta: No Conscience, No Mercy"
tt0285681,3300,0,3300,Looking Through Lillian
tt0285727,17528,0,17528,"Milwaukee, Minnesota"
tt0285728,144008,0,144008,Dahmer
tt0285742,31273922,13635564,44909486,Monster's Ball
tt0285823,56359780,41736246,98096026,Once Upon a Time in Mexico
tt0285861,1011871,164431,1176302,Owning Mahowny
tt0285869,881950,0,881950,Pandora's Box
tt0285879,540833,0,540833,Passionada
tt0286106,227966634,180281283,408247917,Signs
tt0286112,489600,42287160,42776760,Shaolin Soccer
tt0286162,134736,28612,163348,Stolen Summer
tt0286179,3065921,303733,3369654,Sunshine State
tt0286218,2627016,62812,2689828,Thï¿½ï¿½ï¿½ï¿½ï¿½ï¿½ï¿½ï¿½ï¿½ï¿½ï¿½ï¿½ï¿½ï¿½ï¿½ï¿½
tt0286244,7007149,7769611,14776760,The Triplets of Belleville
tt0286261,201546,2644150,2845696,All or Nothing
tt0286476,96269,0,96269,Autumn Spring
tt0286499,32543449,44039884,76583333,Bend It Like Beckham
tt0286516,1072834,6237011,7309845,Respiro
tt0286594,41392,650103,691495,Close Your Eyes
tt0286635,23124,158538,181662,Fulltime Killer
tt0286716,132177234,113107931,245285165,Hulk
tt0286751,51420,36000,87420,Pulse
tt0286788,36105433,14626706,50732139,What a Girl Wants
tt0286947,8000,355057,363057,Scorched
tt0286978,41040,38688,79728,Sobibï¿½ï¿½ï¿½ï¿½ï¿½ï¿½ï¿½ï¿½ï¿½ï¿
tt0287364,31653,0,31653,Glowing Eyes
tt0287457,16413,3122900,3139313,Genesis
tt0287467,9285469,41716081,51001550,Talk to Her
tt0287471,1656445,211853,1868298,Late Marriage
tt0287635,1727447,26296116,28023563,Pokï¿½ï¿½ï¿½ï¿
tt0287645,455164,37497,492661,Rain
tt0287717,85846429,33876929,119723358,Spy Kids 2: Island of Lost Dreams
tt0287934,820,50239,51059,Da wan
tt0287963,105090,117306,222396,Secret Things
tt0287978,102543518,76636200,179179718,Daredevil
tt0287986,73181,1879636,1952817,God Is Great and I'm Not
tt0288045,22219192,12049509,34268701,The Medallion
tt0288330,330033,15131272,15461305,Zelary
tt0288477,30113491,38236393,68349884,Ghost Ship
tt0288520,50075,0,50075,A Family Affair
tt0289043,45064915,37654970,82719885,28 Days Later...
tt0289054,71094,382660,453754,Warm Water Under a Red Bridge
tt0289074,11907,0,11907,Yellow Asphalt
tt0289176,101358,0,101358,Emerald Cowboy
tt0289229,53715,79030,132745,Hukkle
tt0289408,11412414,5014057,16426471,The Powerpuff Girls Movie
tt0289635,767373,1794447,2561820,Young Adam
tt0289765,93149898,116046400,209196298,Red Dragon
tt0289848,32130627,22872508,55003135,Analyze That
tt0289864,12288,0,12288,Big Ain't Bad
tt0289879,57938693,37768959,95707652,The Butterfly Effect
tt0289992,19955598,19000000,38955598,The Life of David Gale
tt0290002,279261160,235576357,514837517,Meet the Fockers
tt0290095,50547998,53843625,104391623,The Tuxedo
tt0290145,465310,11241,476551,Blue Car
tt0290210,539879,120884,660763,Max
tt0290212,2512846,925958,3438804,Full Frontal
tt0290218,9261,0,9261,Illusion
tt0290249,71743,0,71743,New Suit
tt0290296,93380168,34975287,128355455,Space Station 3D
tt0290332,10097538,131793,10229331,The Wash
tt0290334,214949694,192761855,407711549,X2: X-Men United
tt0290498,1802,0,1802,By Hook or by Crook
tt0290661,13031,532028,545059,Dog Days
tt0290662,21278,31184,52462,Hush!
tt0290673,792200,5687128,6479328,Irreversible
tt0290823,114909,7966,122875,Secret Ballot
tt0290858,4662,15168,19830,"Sia, the Dream of the Python"
tt0290879,454736,3828,458564,The Legend of Suriyothai
tt0291003,19861,785894,805755,Behind the Sun
tt0291032,666327,0,666327,Balzac and the Little Chinese Seamstress
tt0291172,70262,927282,997544,The Son
tt0291213,1238,28123,29361,Big Girls Don't Cry
tt0291320,3803,0,3803,My Wife's Name Is Maurice
tt0291341,92770,7217436,7310206,Mean Machine
tt0291350,262313,0,262313,Millennium Actress
tt0291502,598645,437875,1036520,Swept Away
tt0291538,467288,4252493,4719781,A Housekeeper
tt0291579,1011102,4312995,5324097,He Loves Me... He Loves Me Not
tt0291928,3020784,0,3020784,G
tt0291988,102897,88249,191146,Intimate Stories
tt0292066,116325,3731639,3847964,Lan Yu
tt0292243,6260,0,6260,Solitude
tt0292501,10410,0,10410,Love in the Time of Money
tt0292506,52802140,48389744,101191884,The Recruit
tt0292508,121304,0,121304,Fidel
tt0292527,125596,0,125596,Green Card Fever
tt0292542,624757,7972566,8597323,Son of the Bride
tt0292610,181600,1259053,1440653,No Good Deed
tt0292631,10086514,0,10086514,Pulse: A Stomp Odyssey
tt0292644,6532619,5286625,11819244,The Rules of Attraction
tt0292886,866,0,866,800 Bullets
tt0292963,7084227,17953381,25037608,Before the Devil Knows You're Dead
tt0293007,216335,10565300,10781635,Carandiru
tt0293113,55365,0,55365,Dracula: Pages from a Virgin's Diary
tt0293116,794964,7438225,8233189,Jet Lag
tt0293342,376000,495706,871706,Lajja
tt0293416,722932,3312260,4035192,Metropolis
tt0293508,51268815,103380072,154648887,The Phantom of the Opera
tt0293564,140125968,117896265,258022233,Rush Hour 3
tt0293624,137628,0,137628,Super Sucker
tt0293662,25296447,18632485,43928932,The Transporter
tt0293685,18515,0,18515,Venus Boyz
tt0293815,33253609,273226,33526835,Friday After Next
tt0293832,154642,0,154642,Hansel & Gretel
tt0293899,5000,0,5000,Perfect Pie
tt0294289,344992,0,344992,American Adobo
tt0294357,4430101,7274901,11705002,Beyond Borders
tt0294431,35701,33233,68934,The Pinochet Case
tt0294662,1041228,4712763,5753991,Kaante
tt0294806,225863,0,225863,The Keeper: The Legend of Omar Khayyam
tt0294870,29077547,2593073,31670620,Rent
tt0295004,40029,0,40029,Ghost River
tt0295178,213307889,83347542,296655431,Austin Powers in Goldmember
tt0295179,2494,0,2494,L'autre monde
tt0295238,811299,79203,890502,Personal Velocity
tt0295254,13258249,5643766,18902015,Feardotcom
tt0295289,15545431,1886732,17432163,A Guy Thing
tt0295297,261988482,616991152,878979634,Harry Potter and the Chamber of Secrets
tt0295362,4608,0,4608,Chaos
tt0295427,40388794,3022207,43411001,The Master of Disguise
tt0295480,55968,7396,63364,Nijinsky: The Diaries of Vaslav Nijinsky
tt0295605,31908,0,31908,Going Shopping
tt0295633,171400,0,171400,North Station
tt0295682,50257,0,50257,The Warrior
tt0295700,15418790,13231785,28650575,Wrong Turn
tt0295701,142109382,135339000,277448382,xXx
tt0295715,582,0,582,Sorority Girls' Revenge
tt0295721,497208,65000000,65497208,Taxi 3
tt0295725,1305964,0,1305964,Time Changer
tt0295743,156918,452624,609542,Friday Night
tt0296042,20285,0,20285,Ichi the Killer
tt0296166,5853194,1924596,7777790,Real Women Have Curves
tt0296572,57761012,58011721,115772733,The Chronicles of Riddick
tt0296621,27225,0,27225,Everybody Says I'm Fine!
tt0296658,9866,0,9866,Take Care of My Cat
tt0296745,6554,0,6554,Master of the Game
tt0296845,405792,344790,750582,Little Secrets
tt0296915,275968,726204,1002172,Valentin
tt0297012,4064,0,4064,Bandido
tt0297037,27363891,952560,28316451,Brown Sugar
tt0297144,17040871,5100668,22141539,Ghosts of the Abyss
tt0297162,15567860,3665420,19233280,Half Past Dead
tt0297181,33561137,17171808,50732945,I Spy
tt0297284,4480744,16668085,21148829,Mindhunters
tt0297389,62062,0,62062,Poster Boy
tt0297445,4197492,588592,4786084,Ultimate X: The Movie
tt0297721,26485,11597,38082,All About Lily Chou-Chou
tt0297753,8593,0,8593,Kaena: The Prophecy
tt0297884,15901849,13126065,29027914,Far from Heaven
tt0298050,11000,0,11000,Manito
tt0298071,1915,0,1915,Mr. Smith Gets a Hustler
tt0298126,15290,98434,113724,Seaside
tt0298130,129128133,120220800,249348933,The Ring
tt0298131,734519,5341090,6075609,Rosenstrasse
tt0298148,441226247,481849089,923075336,Shrek 2
tt0298203,116750901,126124177,242875078,8 Mile
tt0298228,20779666,20283310,41062976,Whale Rider
tt0298238,18531,7186,25717,Quitting
tt0298359,63652,0,63652,Her Majesty
tt0298361,4123,0,4123,Hera Purple
tt0298388,25581229,34002,25615231,Jonah: A VeggieTales Movie
tt0298408,3663356,748847,4412203,Laurel Canyon
tt0298744,2063196,641755,2704951,Auto Focus
tt0298798,179751,0,179751,Cherish
tt0298814,31186896,42311715,73498611,The Core
tt0298845,15539656,9843255,25382911,In America
tt0298856,1487645,2654095,4141740,Evelyn
tt0299117,1266828,667669,1934497,Roger Dodger
tt0299172,50030461,53921000,103951461,Home on the Range
tt0299458,549666,30320,579986,All the Real Girls
tt0299478,645634,329547,975181,Saraband
tt0299658,170687518,136089214,306776732,Chicago
tt0299863,31425,0,31425,Fabled
tt0299930,6087542,1178667,7266209,Gigli
tt0299977,53710019,123685538,177395557,Hero
tt0300015,1179035,5407306,6586341,I Capture the Castle
tt0300051,25268157,10224764,35492921,Jersey Girl
tt0300069,56146,0,56146,Kart Racer
tt0300140,184023,823724,1007747,Lilya 4-Ever
tt0300214,267907,504429,772336,Morvern Callar
tt0300270,304124,957668,1261792,The Holy Girl
tt0300274,1033395,0,1033395,Margaret Cho: Notorious C.H.O.
tt0300453,231879,3143462,3375341,Red Satin
tt0300471,60476872,27846615,88323487,Shanghai Knights
tt0300532,40390647,11453032,51843679,Blue Crush
tt0300556,19481943,24453820,43935763,Timeline
tt0300620,76584,733659,810243,So Close
tt0300922,11975,0,11975,All Babes Want to Kill Me
tt0301050,33098,9353,42451,Bolivia
tt0301167,2591,0,2591,Dead or Alive: Final
tt0301181,17573594,0,17573594,Deliver Us from Eva
tt0301199,8112414,5792352,13904766,Dirty Pretty Things
tt0301235,18279,0,18279,Hell House
tt0301357,4064200,75252757,79316957,Good Bye Lenin!
tt0301358,9376,0,9376,Crazy Like a Fox
tt0301390,196067,86452,282519,The Heart of Me
tt0301414,2542020,5043969,7585989,Man on the Train
tt0301470,35667218,27435448,63102666,Jeepers Creepers 2
tt0301524,113543,752707,866250,The Other Side of the Bed
tt0301555,301447,0,301447,God Grew Tired of Us
tt0301684,172564,371948,544512,Once Upon a Time in the Midlands
tt0301727,11689053,22439261,34128314,Winged Migration
tt0301777,131451,0,131451,Robot Stories
tt0301893,2106838,0,2106838,State Property
tt0301976,343847,0,343847,The United States of Leland
tt0301978,105990,346905,452895,Ten
tt0302018,1570,0,1570,Wash Dry and Spin Out
tt0302297,26511,56928,83439,Barely Legal
tt0302309,11023,0,11023,Gasoline
tt0302498,4130,33199,37329,Raising Flagg
tt0302640,35081594,19557959,54639553,The Hot Chick
tt0302674,254683,0,254683,Gerry
tt0302882,1734925,0,1734925,L'odyssï¿½ï¿½ï¿½ï¿½ï¿½ï¿½ï¿
tt0302886,75585093,11470256,87055349,Old School
tt0302889,167102,0,167102,On_Line
tt0303010,1015671,0,1015671,Savage Messiah
tt0303243,240093,120907,361000,Happy Times
tt0303282,1386,0,1386,The Execution of Wanda Jean
tt0303297,405331,13610,418941,Amandla! A Revolution in Four Part Harmony
tt0303313,175710,0,175710,The Business of Fancydancing
tt0303321,220165,0,220165,The Cockettes
tt0303326,157200,0,157200,Derrida
tt0303334,11344,0,11344,Family Fundamentals
tt0303348,4658,0,4658,How to Draw a Bunny
tt0303353,1439232,82361,1521593,The Kid Stays in the Picture
tt0303356,94874,51545,146419,Biggie and Tupac
tt0303361,150277,99023,249300,May
tt0303392,8858,0,8858,Missing Young Woman
tt0303394,3541,0,3541,Sister Helen
tt0303396,11871,0,11871,Smokers Only
tt0303714,75782105,1281819,77063924,Barbershop
tt0303785,1492472,637718,2130190,Bollywood/Hollywood
tt0303797,353580,0,353580,"Broadway: The Golden Age, by the Legends Who Were There"
tt0303816,21158188,9395206,30553394,Cabin Fever
tt0303830,478031,47684,525715,Casa de los babys
tt0303917,56214,0,56214,Divan
tt0303933,56399184,1189301,57588485,Drumline
tt0304081,160621,0,160621,Gigantic
tt0304141,249541069,546093000,795634069,Harry Potter and the Prisoner of Azkaban
tt0304229,647054,3403443,4050497,Japanese Story
tt0304267,10067,289226,299293,Kedma
tt0304328,209695,513345,723040,Levity
tt0304391,13152,1585341,1598493,The Code
tt0304415,63860942,77477047,141337989,Mona Lisa Smile
tt0304669,139236327,33618738,172855065,The Santa Clause 2
tt0304678,40470,0,40470,Sex Is Comedy
tt0304692,254852,0,254852,Sex with Strangers
tt0304704,65171,0,65171,An Adolescent
tt0304711,7660806,3900000,11560806,The Order
tt0304790,1714,0,1714,The Road to Love
tt0304857,151435,66943,218378,Two Men Went to War
tt0305178,64967,194059,259026,James' Journey to Jerusalem
tt0305206,6010990,1975094,7986084,American Splendor
tt0305224,135645823,60100000,195745823,Anger Management
tt0305229,10604,14326,24930,Rana's Wedding
tt0305357,100830111,158345677,259175788,Charlie's Angels: Full Throttle
tt0305396,28442574,4639974,33082548,The Crocodile Hunter: Collision Course
tt0305438,19402,0,19402,Garmento
tt0305568,32686,7917277,7949963,Fanfan
tt0305583,28909,0,28909,A Foreign Affair
tt0305632,16670,0,16670,Fascination
tt0305669,132716677,32013002,164729679,Bringing Down the House
tt0305711,56127162,45437773,101564935,Just Married
tt0305973,30005,102216,132221,Sonny
tt0306047,110003217,110670000,220673217,Scary Movie 3
tt0306069,1250798,0,1250798,The Singles Ward
tt0306228,85739,0,85739,Where's the Party Yaar?
tt0306432,82916,718132,801048,My Mother Likes Women
tt0306597,80906,0,80906,Brother to Brother
tt0306685,34712347,21777211,56489558,Cradle 2 the Grave
tt0306734,9081057,3910939,12991996,The Divorce
tt0306841,42734455,12800000,55534455,The Lizzie McGuire Movie
tt0306845,249167,0,249167,The National Film Board of Canada's Animation Festival
tt0307109,143121,0,143121,The Lost Skeleton of Cadavra
tt0307351,58040,28237,86277,Prey for Rock & Roll
tt0307385,2200276,0,2200276,Rivers and Tides: Andy Goldsworthy Working with Time
tt0307453,160861908,202668288,363530196,Shark Tale
tt0307456,12000,0,12000,Shaye & Kiki
tt0307479,14973382,15029376,30002758,Solaris
tt0307901,13084595,10843908,23928503,25th Hour
tt0307913,3290,12186,15476,Abouna
tt0307987,60060328,16428561,76488889,Bad Santa
tt0308055,11242801,9461790,20704591,Bobby
tt0308129,2598,0,2598,Conspiracy of Silence
tt0308208,14307963,5616070,19924033,Ballistic: Ecks vs. Sever
tt0308353,15589393,22496385,38085778,Happily N'Ever After
tt0308363,7406,45642,53048,Waiting for Happiness
tt0308383,5381908,17572160,22954068,The Human Stain
tt0308411,48058,0,48058,Interview with the Assassin
tt0308476,243936,236642,480578,The Cuckoo
tt0308488,226658,0,226658,This So-Called Disaster: Sam Shepard Directs the Late Henry Moss
tt0308506,51432760,10842020,62274780,Like Mike
tt0308508,3681803,359785,4041588,Step Into Liquid
tt0308514,732393,674626,1407019,Lost in La Mancha
tt0308595,37757,70874,108631,Monsieur N.
tt0308644,51680613,64970000,116650613,Finding Neverland
tt0308671,123159,962962,1086121,Tycoon: A New Russian
tt0308672,57581,6197,63778,Only the Strong Survive
tt0308772,102471,0,102471,Pure
tt0308808,3500,0,3500,Revolution OS
tt0308878,735992,90625,826617,The Shape of Things
tt0309061,61040,25823,86863,War Photographer
tt0309326,3200,0,3200,The Backyard
tt0309372,504600,71720,576320,Blizzard
tt0309377,26235081,5559637,31794718,Blood Work
tt0309521,12024,0,12024,The Dogwalker
tt0309530,20305251,19162860,39468111,Down with Love
tt0309593,46961214,43381260,90342474,Final Destination 2
tt0309600,43922,69242,113164,Food of Love
tt0309622,312434,0,312434,The Gatekeeper
tt0309698,52159536,38100000,90259536,Identity
tt0309725,13325,0,13325,Yes Nurse! No Nurse!
tt0309820,5791328,23622572,29413900,Luther
tt0309912,1587173,2064289,3651462,Nicholas Nickleby
tt0309987,2532228,12588937,15121165,The Dreamers
tt0310149,77567,0,77567,The Princess Blade
tt0310154,84299,237798,322097,In This World
tt0310164,27732,1062833,1090565,Snowboarder
tt0310203,312824,27408148,27720972,Ruby & Quentin
tt0310281,17781006,969240,18750246,A Mighty Wind
tt0310357,6886089,1660577,8546666,Willard
tt0310775,45289,0,45289,Sympathy for Mr. Vengeance
tt0310778,2503286,6821645,9324931,Bon voyage
tt0310793,21576018,36432405,58008423,Bowling for Columbine
tt0310910,12251640,10762566,23014206,Confidence
tt0310951,238260,0,238260,"Ram Dass, Fierce Grace"
tt0311110,7491839,719669,8211508,It Runs in the Family
tt0311113,93927920,116400000,210327920,Master and Commander: The Far Side of the World
tt0311289,67406573,4000000,71406573,Holes
tt0311320,378382,0,378382,Blind Spot. Hitler's Secretary
tt0311412,3617,0,3617,Warrior of Light
tt0311429,66465204,112800000,179265204,The League of Extraordinary Gentlemen
tt0311519,921847,8642390,9564237,The Man Without a Past
tt0311648,2528664,743364,3272028,Pieces of April
tt0311943,50256,0,50256,You'll Get Over It
tt0312004,56110897,136504080,192614977,Wallace & Gromit: The Curse of the Were-Rabbit
tt0312329,5884190,548361,6432551,Against the Ropes
tt0312358,623,0,623,Anatomy 2
tt0312510,21285,0,21285,The Burial Society
tt0312528,101149285,32811256,133960541,The Cat in the Hat
tt0312549,1571504,7868156,9439660,Veronica Guerin
tt0312841,445367,24507371,24952738,The Way Home
tt0312848,3588,0,3588,Journeys with George
tt0313196,5717044,21279694,26996738,The Crime of Padre Amaro
tt0313300,1755355,0,1755355,The Blue Butterfly
tt0313443,41088845,14406718,55495563,Out of Time
tt0313542,49443628,30710512,80154140,Runaway Jury
tt0313670,316319,3317190,3633509,Sweet Sixteen
tt0313737,93354851,105688391,199043242,Two Weeks Notice
tt0313792,3212310,10372765,13585075,Anything Else
tt0313911,47938330,10857484,58795814,Agent Cody Banks
tt0314006,101000,0,101000,Dum
tt0314039,35554,0,35554,The Event
tt0314062,106686,12531,119217,Fellini: I'm a Born Liar
tt0314166,13728902,1520406,15249308,Hey Arnold! The Movie
tt0314170,269586,3384002,3653588,Lucï¿½ï¿½ï¿½ï¿
tt0314197,8899,374207,383106,Imagining Argentina
tt0314331,59696144,185235622,244931766,"Love, Actually"
tt0314353,43734876,42733286,86468162,Tears of the Sun
tt0314412,400948,9326006,9726954,My Life Without Me
tt0314498,10391003,381577,10772580,The Perfect Score
tt0314630,3707346,56940,3764286,The Secret Lives of Dentists
tt0314676,337174,98451,435625,The Singing Detective
tt0314725,1722119,622137,2344256,Standing in the Shadows of Motown
tt0314786,20453431,6438418,26891849,The In-Laws
tt0314871,160291,0,160291,Washington Heights
tt0315110,54523,113476,167999,Twentynine Palms
tt0315273,3817362,0,3817362,Benji: Off the Leash!
tt0315297,25198598,15756005,40954603,Twisted
tt0315327,242829261,241763613,484592874,Bruce Almighty
tt0315426,353275,0,353275,How My Mother Gave Birth to Me During Menopause
tt0315431,306533,0,306533,Constellation
tt0315459,21108,0,21108,Dallas 362
tt0315543,136170,1556102,1692272,Open Hearts
tt0315632,136700,0,136700,Road
tt0315634,2500,0,2500,Standing by Yourself
tt0315642,1124045,4509543,5633588,Wazir
tt0315733,16290476,44137363,60427839,21 Grams
tt0315824,6489476,312240,6801716,The Big Bounce
tt0315850,9470,401004,410474,El bonaerense
tt0315983,13040288,3723516,16763804,House of Sand and Fog
tt0316160,15515,0,15515,Last Dance
tt0316188,2078661,737455,2816116,Raising Victor Vargas
tt0316356,58331254,9965039,68296293,Open Range
tt0316396,48462608,73512403,121975011,Peter Pan
tt0316465,52333738,959890,53293628,Radio
tt0316654,373585825,410180516,783766341,Spider-Man 2
tt0316732,36879320,32284369,69163689,Taxi
tt0316829,30577,1493114,1523691,The Sea Is Watching
tt0317052,49988,0,49988,AKA
tt0317132,32647042,942385,33589427,Because of Winn-Dixie
tt0317198,40226215,221477764,261703979,Bridget Jones: The Edge of Reason
tt0317219,244082982,217900167,461983149,Cars
tt0317226,141243,33114,174357,Marooned in Iraq
tt0317234,64029,6842206,6906235,Painted Fire
tt0317248,7564459,23077311,30641770,City of God
tt0317303,104297061,60136806,164433867,Daddy Day Care
tt0317640,82157,12458,94615,The Hebrew Hammer
tt0317648,67303450,40737172,108040622,Hidalgo
tt0317676,10249719,3568462,13818181,House of the Dead
tt0317705,261441092,370001000,631442092,The Incredibles
tt0317740,106128601,69941570,176070171,The Italian Job
tt0317842,421454,338864,760318,Broken Wings
tt0317887,198309,220737,419046,Madame Satï¿
tt0317910,4198566,840275,5038841,The Fog of War: Eleven Lessons from the Life of Robert S. McNamara
tt0317919,134029801,263820211,397850012,Mission: Impossible III
tt0317950,10550,0,10550,Nola
tt0317965,41432,0,41432,My Mother's Smile
tt0318025,11254,44647,55901,Unknown Pleasures
tt0318034,3048997,5601412,8650409,Russian Ark
tt0318068,712446,0,712446,Shanghai Ghetto
tt0318081,1900451,9765014,11665465,A Sound of Thunder
tt0318155,20991364,47523480,68514844,Looney Tunes: Back in Action
tt0318202,777129,15286791,16063920,To Be and to Have
tt0318283,14218698,1150199,15368897,Alex & Emma
tt0318374,8291572,2173216,10464788,The Cooler
tt0318411,4890878,16216700,21107578,The Magdalene Sisters
tt0318462,16781387,40881837,57663224,The Motorcycle Diaries
tt0318627,51201453,78141316,129342769,Resident Evil: Apocalypse
tt0318649,68671925,50568426,119240351,Sahara
tt0318725,126684,11752,138436,Fear and Trembling
tt0318761,1328679,590518,1919197,Thumbsucker
tt0318780,106184,0,106184,Almost Peaceful
tt0318850,6751389,2887000,9638389,The Young Black Stallion
tt0318974,22414961,3405000,25819961,The Alamo
tt0319029,1440,0,1440,The Ballad of Bering Strait
tt0319061,66809693,56109362,122919055,Big Fish
tt0319237,131993,2973242,3105235,Incantato
tt0319262,186740799,356030973,542771772,The Day After Tomorrow
tt0319343,173398518,47044933,220443451,Elf
tt0319470,21366,0,21366,The Guys
tt0319524,14195227,112905,14308132,How to Deal
tt0319531,360759,130205,490964,I'll Sleep When I'm Dead
tt0319769,153256,9679407,9832663,Mondays in the Sun
tt0319829,533569,12537,546106,Masked and Anonymous
tt0320193,10304,0,10304,Oasis
tt0320241,5348,0,5348,Particles of Truth
tt0320244,742898,39708,782606,Party Monster
tt0320661,47398413,164253638,211652051,Kingdom of Heaven
tt0320691,51970690,43737767,95708457,Underworld
tt0321376,16783,0,16783,Cuban Rafters
tt0322023,320092,0,320092,"Die, Mommie, Die!"
tt0322259,127154901,109195760,236350661,2 Fast 2 Furious
tt0322289,182163,7405796,7587959,The Flower of Evil
tt0322330,110230332,50616000,160846332,Freaky Friday
tt0322589,30308417,31919978,62228395,Honey
tt0322650,1581,0,1581,Mama Africa
tt0322659,1420578,179226,1599804,Northfork
tt0322674,1563,792802,794365,Twin Sisters
tt0322700,3264,0,3264,I Love Your Work
tt0322725,56878,327458,384336,The Embalmer
tt0322802,64255312,15238519,79493831,Jackass: The Movie
tt0322824,21900,174802,196702,Japï¿½
tt0322936,95415,0,95415,Kehtaa Hai Dil Baar Baar
tt0323008,9397,0,9397,"L'Chayim, Comrade Stalin"
tt0323013,753600,5105642,5859242,Lakshya
tt0323033,17871255,12144910,30016165,Laws of Attraction
tt0323298,1063163,1976424,3039587,The Mother
tt0323572,6130049,6531140,12661189,Chasing Papi
tt0323633,4168,0,4168,Melvin Goes to Dinner
tt0323642,23103423,39767123,62870546,Piglet's Big Movie
tt0323807,227986,12443320,12671306,"Remember Me, My Love"
tt0323872,351235,210145,561380,Kitchen Stories
tt0323939,25032,433112,458144,Shade
tt0323944,2220008,724744,2944752,Shattered Glass
tt0324080,260523,0,260523,Stone Reader
tt0324127,8725813,2690262,11416075,Suspect Zero
tt0324133,10130108,12311389,22441497,Swimming Pool
tt0324158,44806,109179,153985,Suddenly
tt0324197,61439,437710,499149,Time of the Wolf
tt0324216,80571655,26500000,107071655,The Texas Chainsaw Massacre
tt0324554,13001257,8567561,21568818,Wicker Park
tt0325007,16377,0,16377,April's Shower
tt0325030,16150,2574069,2590219,It's Easier for a Camel...
tt0325055,1315498,1601895,2917393,Sylvia
tt0325123,933637,1748963,2682600,Bright Young Things
tt0325234,213008,0,213008,The Delicate Art of Parking
tt0325258,22738671,989063,23727734,Dickie Roberts: Former Child Star
tt0325478,51246,0,51246,God's Sandbox
tt0325537,38125247,495237,38620484,Head of State
tt0325655,512049,11652967,12165016,The Eye
tt0325661,19800,0,19800,The Journey
tt0325703,65660196,90845192,156505388,Lara Croft Tomb Raider: The Cradle of Life
tt0325710,111127263,343500000,454627263,The Last Samurai
tt0325761,24137,0,24137,Luster
tt0325805,36906460,28659212,65565672,Matchstick Men
tt0325980,305413918,348850097,654264015,Pirates of the Caribbean: The Curse of the Black Pearl
tt0326036,14532,958641,973173,Who Killed Bambi?
tt0326148,34646,0,34646,Showboy
tt0326208,31651,241140,272791,Stander
tt0326292,4546,0,4546,The Tollbooth
tt0326306,516726,4540,521266,The Trials of Henry Kissinger
tt0326412,11089,0,11089,Winning Girls Through Psychic Mind Control
tt0326664,54965,21322,76287,Swimming Upstream
tt0326722,51549,0,51549,Agnivarsha: The Fire and the Rain
tt0326769,22076772,1433829,23510601,Biker Boyz
tt0326804,2032,0,2032,Choice of Weapons
tt0326806,254293,0,254293,Civil Brand
tt0326835,307486,0,307486,Dot the I
tt0326856,13562325,931711,14494036,Envy
tt0326900,37667746,7644471,45312217,Good Boy
tt0326905,10167373,601938,10769311,The Great Raid
tt0326965,30158,0,30158,In My Sleep
tt0326976,11560,0,11560,Intoxicating
tt0326977,1615328,5739090,7354418,I'm Not Scared
tt0326988,9425,0,9425,I'll Sing for You
tt0327036,19184820,0,19184820,Martin Lawrence Live: Runteldat
tt0327056,90135191,66460000,156595191,Mystic River
tt0327084,155019340,180983656,336002996,Over the Hedge
tt0327137,42070939,5831627,47902566,Secondhand Lions
tt0327162,59484742,41812506,101297248,The Stepford Wives
tt0327210,165000,0,165000,Uncle Nino
tt0327247,16328471,9121016,25449487,The Whole Ten Yards
tt0327437,24008137,48170758,72178895,Around the World in 80 Days
tt0327554,40202379,41900000,82102379,Catwoman
tt0327594,14824,0,14824,Reeseville
tt0327597,75286229,49310169,124596398,Coraline
tt0327643,36099,0,36099,Dirty Love
tt0327679,22918387,4470380,27388767,Ella Enchanted
tt0327753,77070,5458,82528,Funny Ha Ha
tt0327850,47726342,32931579,80657921,The Rundown
tt0327919,288552,3824,292376,I Am David
tt0327920,445522,0,445522,I Am Trying to Break Your Heart
tt0328077,6028,0,6028,Love Object
tt0328099,34432201,190303,34622504,Malibu's Most Wanted
tt0328107,77911774,52381940,130293714,Man on Fire
tt0328538,4601043,5527917,10128960,Thirteen
tt0328589,43610723,15268000,58878723,Under the Tuscan Sun
tt0328802,127035,1139028,1266063,September 11
tt0328828,104565114,126425115,230990229,American Wedding
tt0328844,68215,574103,642318,The Inheritance
tt0328880,85336277,165061521,250397798,Brother Bear
tt0328913,6739,0,6739,Buddha Heads
tt0328962,2751988,0,2751988,Comedian
tt0329028,26276465,12991050,39267515,Dumb and Dumberer: When Harry Met Lloyd
tt0329030,12311,0,12311,The Dust Factory
tt0329094,3741,2410,6151,Forget Baghdad: Jews and Arabs - The Iraqi Connection
tt0329101,82622655,32286175,114908830,Freddy vs. Jason
tt0329111,482757,2456075,2938832,Strayed
tt0329388,2823890,8717151,11541041,Monsieur Ibrahim
tt0329485,227582,6372553,6600135,The Butterfly
tt0329575,120277854,28058591,148336445,Seabiscuit
tt0329691,21215059,25331138,46546197,Torque
tt0329717,30940691,20201968,51142659,Hollywood Homicide
tt0329767,235294,1311211,1546505,Wilbur Wants to Kill Himself
tt0329774,26873932,44148761,71022693,xXx: State of the Union
tt0330069,604856,0,604856,Blue Collar Comedy Tour: The Movie
tt0330080,11419,219743,231162,The Great Role
tt0330099,366301,36298,402599,The Brown Bunny
tt0330136,814666,0,814666,Charly
tt0330193,341280,0,341280,Dangerous People
tt0330217,352128,174443,526571,Dil Ka Rishta
tt0330229,4067,5401658,5405725,Dolls
tt0330247,11421,0,11421,Love Forbidden
tt0330373,290013036,605908000,895921036,Harry Potter and the Goblet of Fire
tt0330602,6253026,2439610,8692636,Mambo Italiano
tt0330702,337265,11733742,12071007,Don't Move
tt0330775,60862,24144,85006,The Good Old Naughty Days
tt0330793,33810189,20889916,54700105,The Punisher
tt0330843,317564,223803,541367,Saathiya
tt0331225,11562,0,11562,Crop Circles: Quest for Truth
tt0331338,8046,0,8046,16 Years of Alcohol
tt0331468,21386011,7733423,29119434,Cold Creek Manor
tt0331525,8106,8184,16290,The Intended
tt0331632,84216833,97000000,181216833,Scooby-Doo 2: Monsters Unleashed
tt0331851,301010,1872995,2174005,Armaan
tt0331933,19699706,1877918,21577624,Man of the House
tt0331952,5763875,6756924,12520799,The Clearing
tt0331953,5001708,2564099,7565807,Club Dread
tt0332047,42071069,8380238,50451307,Fever Pitch
tt0332129,984,0,984,A House on a Hill
tt0332280,81001787,34531913,115533700,The Notebook
tt0332285,1317167,2325,1319492,Off the Map
tt0332344,8426,0,8426,Red Hollywood
tt0332375,8940582,1216351,10156933,Saved!
tt0332379,81261177,49834437,131095614,School of Rock
tt0332381,75994,100407,176401,The Sea
tt0332452,133378256,364031596,497409852,Troy
tt0332605,57862,99751,157613,House of Fools
tt0332636,7281,0,7281,Group
tt0332639,1151941,13535226,14687167,Together with You
tt0332658,896993,3959305,4856298,Intermission
tt0332701,69739,0,69739,Mga munting tinig
tt0332712,17669317,694956,18364273,My Baby's Daddy
tt0332831,43017,14734,57751,Springtime in a Small Town
tt0333089,4381,0,4381,Open My Heart
tt0333645,18867,0,18867,The Deserted Station
tt0333764,6242,219825,226067,Blue Gate Crossing
tt0333766,26782316,9043000,35825316,Garden State
tt0333780,90186328,34728514,124914842,"Legally Blonde 2: Red, White & Blonde"
tt0333847,10888,0,10888,MC5*: A True Testimonial
tt0334405,5728581,1729129,7457710,Spellbound
tt0334416,103401,0,103401,Stevie
tt0334725,88560,483002,571562,Wondrous Oblivion
tt0334754,267005,84702,351707,Yossi & Jagger
tt0335013,2283914,4117776,6401690,The Company
tt0335119,11670971,18211875,29882846,Girl with a Pearl Earring
tt0335121,14379751,15734736,30114487,Godsend
tt0335126,54579,0,54579,Grand Champion
tt0335245,39799191,36866000,76665191,The Ladykillers
tt0335265,932,0,932,The Lonely Affair of the Heart
tt0335266,44585453,74100000,118685453,Lost in Translation
tt0335345,370782930,239278587,610061517,The Passion of the Christ
tt0335351,34634,7994,42628,Little Lili
tt0335438,88237754,82030996,170268750,Starsky & Hutch
tt0335559,17071962,3790522,20862484,Win a Date with Tad Hamilton!
tt0335563,1060512,1405932,2466444,Wonderland
tt0336264,350391,1283916,1634307,Since Otar Left
tt0336910,26377,0,26377,9 Dead Gay Guys
tt0337103,152148,40000000,40152148,Crimson Rivers 2: Angels of the Apocalypse
tt0337563,57231747,39223950,96455697,13 Going on 30
tt0337578,1058803,6826676,7885479,Baghban
tt0337579,65111277,880171,65991448,Barbershop 2: Back in Business
tt0337584,12343,0,12343,Backseat
tt0337585,15520,0,15520,Bomb the System
tt0337587,19063544,10325455,29388999,Bugs!
tt0337592,21924226,39846,21964072,Love Don't Cost a Thing
tt0337631,142872,8997,151869,The Boys & Girl from County Clare
tt0337632,98666,0,98666,Handcart
tt0337662,1332,0,1332,El Leyton
tt0337692,744296,8040022,8784318,On the Road
tt0337697,28176497,9490269,37666766,The Prince and Me
tt0337711,39402572,15847924,55250496,Rugrats Go Wild
tt0337714,10259134,12517121,22776255,Santa vs. the Snowman 3D
tt0337721,201149,0,201149,The Snow Walker
tt0337728,14831,0,14831,A Tale of Two Pizzas
tt0337735,967,0,967,The Trouble with Men and Women
tt0337741,124728738,140600000,265328738,Something's Gotta Give
tt0337876,5095038,18830454,23925492,Birth
tt0337879,48000,0,48000,Blackball
tt0337909,31041759,62359000,93400759,Calendar Girls
tt0337917,16703799,226963,16930762,Catch That Kid
tt0337921,32003620,24048300,56051920,Cellular
tt0337930,1117864,4633143,5751007,Nicotina
tt0337960,160276,0,160276,Danny Deckchair
tt0337961,31046,21185,52231,In My Skin
tt0337978,134529403,249002061,383531464,Live Free or Die Hard
tt0337996,2255000,0,2255000,DysFunktional Family
tt0338001,5799,0,5799,Emile
tt0338013,34400301,37857825,72258126,Eternal Sunshine of the Spotless Mind
tt0338022,49880,0,49880,Fakers
tt0338077,5123696,17470,5141166,Grind
tt0338094,75847266,106443000,182290266,The Haunted Mansion
tt0338095,3681066,2610892,6291958,High Tension
tt0338096,14161590,13523426,27685016,Dirty Dancing: Havana Nights
tt0338097,398278,3112327,3510605,Head in the Clouds
tt0338135,8544975,26335772,34880747,The Barbarian Invasions
tt0338188,27011180,11353097,38364277,The Missing
tt0338216,5758950,2623527,8382477,Lucky You
tt0338249,19867,0,19867,Merci Dr Rey!
tt0338294,3105,0,3105,Nowhere Man
tt0338309,15530,324592,340122,Evil
tt0338325,15714234,1082278,16796512,Paparazzi
tt0338337,53790451,42479361,96269812,Paycheck
tt0338348,186493472,126275943,312769415,The Polar Express
tt0338357,292470,0,292470,Power and Terror: Noam Chomsky in Our Times
tt0338427,10284523,840802,11125325,Shopgirl
tt0338459,111761982,85250000,197011982,Spy Kids 3-D: Game Over
tt0338466,33832741,31951762,65784503,Stuck on You
tt0338497,37227,0,37227,This Thing of Ours
tt0338512,19176754,42995296,62172050,Two Brothers
tt0338526,120177084,179980554,300157638,Van Helsing
tt0338543,7212,0,7212,Wake
tt0338564,169659,8539273,8708932,Infernal Affairs
tt0338706,752148,465664,1217812,Alexandra's Project
tt0338751,102610330,111109612,213719942,The Aviator
tt0338977,8085,241531,249616,Games of Love and Chance
tt0339034,4928883,0,4928883,From Justin to Kelly
tt0339071,148047,0,148047,Girls Will Be Girls
tt0339091,30497,0,30497,Gang of Roses
tt0339147,371396,2023341,2394737,Highwaymen
tt0339291,118634549,89520783,208155332,Lemony Snicket's A Series of Unfortunate Events
tt0339295,10440,0,10440,Let's Get Frank
tt0339412,21811187,28190,21839377,Mr 3000
tt0339419,62852,0,62852,The Mudge Boy
tt0339558,13000,249643,262643,Raja
tt0339579,73060,9905196,9978256,Returner
tt0339638,59000,0,59000,Screen Door Jesus
tt0339642,12551,0,12551,Daltry Calhoun
tt0339727,174318,0,174318,Stateside
tt0339806,87385,74266,161651,Torremolinos 73
tt0339827,47370,0,47370,Twist
tt0339840,41196,49732,90928,Undead
tt0339921,3233,0,3233,The Work and the Story
tt0340012,7739049,6600122,14339171,Being Julia
tt0340103,1303,0,1303,Exorcism
tt0340163,34639939,42968678,77608617,Hostage
tt0340376,765637,314185,1079822,The Statement
tt0340377,5739376,2940438,8679814,The Station Agent
tt0340468,217201,5046,222247,Bus 174
tt0340855,34469210,24000000,58469210,Monster
tt0341266,106774,3533698,3640472,Bhoot
tt0341540,1111615,0,1111615,The R.M.
tt0341549,119537,151392,270929,Rishtey
tt0341569,100610,0,100610,Self Medicated
tt0341573,26087,0,26087,"Sex, Politics & Cocktails"
tt0342150,318816,10281,329097,Bukowski: Born into This
tt0342167,1629862,1020494,2650356,Camp
tt0342172,3119113,957877,4076990,Capturing the Friedmans
tt0342258,24537621,26333492,50871113,Unleashed
tt0342272,23106,581294,604400,Dear Wendy
tt0342275,34837,0,34837,A Decade Under the Influence
tt0342300,69544,0,69544,Dopamine
tt0342316,116869,0,116869,"Love, Sex and Eating the Bones"
tt0342428,2422,0,2422,Firedancer
tt0342492,3783,0,3783,The Green Butchers
tt0342508,168406,0,168406,Hangman's Curse
tt0342735,78378,596540,674918,Manderlay
tt0342804,40573,0,40573,My Flesh and Blood
tt0342882,29121,0,29121,The Piano Tuner of EarthQuakes
tt0342916,5471,0,5471,Quattro Noza
tt0343107,40919,0,40919,Tom Dowd & the Language of Music
tt0343121,7718961,89563,7808524,Tupac: Resurrection
tt0343135,88097164,83074260,171171424,Along Came Polly
tt0343168,564632,0,564632,The Weather Underground
tt0343172,67436,0,67436,What Alice Found
tt0343660,120908074,75574808,196482882,50 First Dates
tt0343663,188392,1347437,1535829,Eros
tt0343737,59952835,40314030,100266865,The Good Shepherd
tt0343818,144801023,202397000,347198023,"I, Robot"
tt0343996,2484186,1902050,4386236,The Lost City
tt0344273,290973,251205,542178,Kings & Queen
tt0344337,14389,0,14389,A Silent Love
tt0344510,6524389,62900000,69424389,A Very Long Engagement
tt0344604,830292,7274721,8105013,Aprï¿½ï¿½ï¿
tt0344796,35639,0,35639,After Freedom
tt0344854,15132763,92811473,107944236,Arthur and the Invisibles
tt0345061,285585,600433,886018,Code 46
tt0345074,8085771,3255245,11341016,Connie and Carla
tt0345549,32014,0,32014,Last Life in the Universe
tt0345551,834685,30343,865028,Latter Days
tt0345950,85417988,54743804,140161792,The SpongeBob SquarePants Movie
tt0346094,96293,219112,315405,Uzak
tt0346156,37762677,20073074,57835751,Sky Captain and the World of Tomorrow
tt0346336,274024,2419029,2693053,The Best of Youth
tt0346457,954108,7187968,8142076,Mangal Pandey: The Rising
tt0346491,34297191,133001001,167298192,Alexander
tt0346723,836225,5109197,5945422,Chalte Chalte
tt0346800,25860,0,25860,Cowards Bend the Knee
tt0347048,435395,10595466,11030861,Head-On
tt0347149,5576743,230473014,236049757,Howl's Moving Castle
tt0347167,285394,5550452,5835846,The Hero: Love Story of a Spy
tt0347246,1043896,8745755,9789651,Ghost in the Shell 2: Innocence
tt0347304,1991922,11208319,13200241,Kal Ho Naa Ho
tt0347332,587877,336293,924170,Khakee
tt0347368,54000,0,54000,L.A. Twister
tt0347369,36039,0,36039,Jiminy Glick in Lalawood
tt0347416,621103,0,621103,LOC: Kargil
tt0347457,6995,22086,29081,Daybreak
tt0347473,1747060,9089210,10836270,I'm Always Here
tt0347540,9331,0,9331,Milk and Honey
tt0347779,66290,956046,1022336,Pinjar
tt0347791,746381,20121538,20867919,Pokï¿½ï¿½ï¿½ï¿½
tt0348121,468867,10401331,10870198,Steamboy
tt0348150,200081192,191000000,391081192,Superman Returns
tt0348333,16124543,2513147,18637690,Waiting...
tt0348354,58667,0,58667,Wasabi Tuna
tt0348505,375403,1268960,1644363,Asylum
tt0348529,34506,310859,345365,Anatomy of Hell
tt0348593,3854624,2860443,6715067,The Door in the Floor
tt0348656,305205,0,305205,Khushi
tt0348836,59694580,81896744,141591324,Gothika
tt0348847,7650,0,7650,Masai: The Rain Warriors
tt0348853,31008,5197675,5228683,Nathalie...
tt0348866,1605,0,1605,Rockets Redglare!
tt0349079,50961,142424,193385,Alila
tt0349159,1680020,0,1680020,"The Book of Mormon Movie, Volume 1: The Journey"
tt0349169,12264319,279935,12544254,Breakin' All the Rules
tt0349205,138614544,51597569,190212113,Cheaper by the Dozen
tt0349238,40289,0,40289,Controlled Chaos
tt0349260,163893,1327541,1491434,In My Country
tt0349333,132348,1203145,1335493,Darna Mana Hai
tt0349416,75076,14705,89781,Eulogy
tt0349467,12512886,2142742,14655628,Freedomland
tt0349683,51882244,151685613,203567857,King Arthur
tt0349703,336909,359809,696718,Kyun! Ho Gaya Na...
tt0349710,74541707,26030337,100572044,Ladder 49
tt0349825,64378093,67615,64445708,Miracle
tt0349903,125544280,237200000,362744280,Ocean's Twelve
tt0350028,37486512,12232099,49718611,Raising Helen
tt0350142,9777,0,9777,Something to Cheer About
tt0350159,2139,0,2139,Stealing the Fire
tt0350193,30496,0,30496,Take My Eyes
tt0350194,6491969,0,6491969,Teacher's Pet
tt0350232,8747,0,8747,Evil Remains
tt0350258,75331600,48639776,123971376,Ray
tt0350261,8586392,10031892,18618284,An Unfinished Life
tt0351283,193595521,348468325,542063846,Madagascar
tt0351299,33272,32111,65383,Blind Shaft
tt0351461,60555,1256577,1317132,Noi the Albino
tt0351770,22834,108361,131195,Son frï¿½ï
tt0351817,559765,12800,572565,The Twilight Samurai
tt0351977,46437717,10786173,57223890,Walking Tall
tt0352248,61649911,46890000,108539911,Cinderella Man
tt0352277,13456633,5155318,18611951,De-Lovely
tt0352332,248460,0,248460,The Far Side of the Moon
tt0352343,543354,14986723,15530077,Facing Windows
tt0352561,1703,0,1703,Marathon
tt0352994,2713932,1730333,4444265,Walk on Water
tt0353014,74663,122558,197221,Sky Blue
tt0353164,10994028,17904,11011932,Adrenaline Rush: The Science of Risk
tt0353489,80372,0,80372,Ginger Snaps 2: Unleashed
tt0353774,21583831,665000,22248831,NASCAR: The IMAX Experience
tt0353818,60712,100315,161027,Bulgarian Lovers
tt0353965,1108356,0,1108356,Sacred Planet
tt0353969,15357,499222,514579,Memories of Murder
tt0354243,142562,155867,298429,Zhou Yu de huo che
tt0354356,128752,7316154,7444906,5x2
tt0354575,165845,113187,279032,The Five Obstructions
tt0354578,35688,0,35688,Fighting Words
tt0354595,375750,13248,388998,The Game of Their Lives
tt0354668,15516,0,15516,Save the Green Planet!
tt0354696,11989,0,11989,The Legend of Leigh Bowery
tt0354766,5645298,277702,5923000,Never Die Alone
tt0354855,634968,6300871,6935839,Father and Sons
tt0354899,4670644,10343371,15014015,The Science of Sleep
tt0355295,37916267,67400000,105316267,The Brothers Grimm
tt0355683,2609,0,2609,The Child I Never Was
tt0355702,11273517,2138440,13411957,Lords of Dogtown
tt0355857,16234,0,16234,Onmyoji: The Yin Yang Master
tt0355954,134711,129794,264505,Riding the Bullet
tt0356014,42390,0,42390,Secret Lives: Hidden Children and Their Rescuers During WWII
tt0356150,17771387,3025460,20796847,EuroTrip
tt0356159,183066,0,183066,Hellbent
tt0356443,49981,1750160,1800141,The Bridge of San Luis Rey
tt0356453,200433,24403,224836,Live-In Maid
tt0356470,51438175,18629734,70067909,A Cinderella Story
tt0356614,458990,320046,779036,Foolproof
tt0356618,67133509,50459322,117592831,The Forgotten
tt0356634,75369589,123595312,198964901,Garfield
tt0356680,60062868,32220983,92283851,The Family Stone
tt0356721,12785432,7286740,20072172,I Heart Huckabees
tt0356910,186336279,291871241,478207520,Mr. & Mrs. Smith
tt0357031,41703,0,41703,Adored
tt0357054,464275,74251,538526,The Last Shot
tt0357110,712275,203776,916051,The Ballad of Jack and Rose
tt0357111,54361,13260693,13315054,RRRrrrr!!!
tt0357277,24409722,32271844,56681566,Elektra
tt0357283,7384,0,7384,Silent Waters
tt0357413,85288303,5229445,90517748,Anchorman: The Legend of Ron Burgundy
tt0357470,280351,0,280351,The Battle of Shaker Heights
tt0357507,46752382,20440477,67192859,Boogeyman
tt0357585,84733,0,84733,Decoys
tt0357668,144680,0,144680,Sky Kids
tt0358079,2517,0,2517,Risk/Reward
tt0358082,128200012,132496982,260696994,Robots
tt0358135,57890460,112238000,170128460,Shall We Dance
tt0358273,119519402,66919481,186438883,Walk the Line
tt0358349,23630159,5188836,28818995,Agent Cody Banks 2: Destination London
tt0358590,48782,0,48782,A Thousand Clouds of Peace
tt0358647,39359,0,39359,Power Trip
tt0358722,2509,0,2509,Swing
tt0359013,52411906,76829224,129241130,Blade: Trinity
tt0359045,100133,245560,345693,Bear Cub
tt0359254,9291,0,9291,Rolling Family
tt0359423,1029872,519083,1548955,A Home at the End of the World
tt0359517,31203964,122219,31326183,Johnson Family Vacation
tt0359950,58236838,129896484,188133322,The Secret Life of Walter Mitty
tt0360009,4434432,3678280,8112712,Spartan
tt0360016,30142,0,30142,Standing Still
tt0360025,4119,0,4119,Stella Street
tt0360130,143597,0,143597,Undertow
tt0360139,12195626,117697,12313323,Chasing Liberty
tt0360201,17001133,24510874,41512007,Wimbledon
tt0360216,35591,2994,38585,The Year of the Yao
tt0360323,54702,88749,143451,10th & Wolf
tt0360486,75976178,154908550,230884728,Constantine
tt0360717,218080025,332437332,550517357,King Kong
tt0360845,139922,145432,285354,Notre musique
tt0360916,3825421,1519662,5345083,The Real Cancun
tt0361089,19478106,42268782,61746888,Valiant
tt0361127,1576231,3102174,4678405,The Woodsman
tt0361309,2041014,1320199,3361213,We Don't Live Here Anymore
tt0361322,49048,0,49048,Assisted Living
tt0361411,6605592,18110848,24716440,Bride & Prejudice
tt0361467,29331068,3780392,33111460,Confessions of a Teenage Drama Queen
tt0361498,42108,0,42108,Death of a Dynasty
tt0361500,694782,0,694782,Delgo
tt0361596,119194771,103252111,222446882,Fahrenheit 9/11
tt0361620,9055921,1536259,10592180,First Daughter
tt0361625,93370,0,93370,Flavors
tt0361668,58202,0,58202,Gozu
tt0361693,1315701,357587,1673288,Happy Endings
tt0361696,10411980,4455534,14867514,Raise Your Voice
tt0361715,870067,124723,994790,Duma
tt0361748,120540719,200914970,321455689,Inglourious Basterds
tt0361841,20698668,1336164,22034832,Little Black Book
tt0361862,1082715,7120520,8203235,The Machinist
tt0361925,14470947,144152,14615099,Welcome to Mooseport
tt0362004,553368,153901,707269,Palindromes
tt0362120,90710620,87552000,178262620,Scary Movie 4
tt0362129,87923,0,87923,Seeing Other People
tt0362165,17018422,40534219,57552641,Son of the Mask
tt0362174,12355,0,12355,Spin
tt0362225,6177192,27229800,33406992,Tell No One
tt0362227,77872883,140812724,218685607,The Terminal
tt0362269,10254979,6663744,16918723,Kinsey
tt0362270,24020403,10788000,34808403,The Life Aquatic with Steve Zissou
tt0362390,15629,0,15629,7th Street
tt0362478,15051977,18281554,33333531,The Box
tt0362496,16259,0,16259,Captive
tt0362506,80858,0,80858,Chrystal
tt0362511,56127,380238,436365,Dorm Daze
tt0362526,929233,468820,1398053,Criminal
tt0363029,11991,0,11991,Rick
tt0363058,14556,0,14556,The Settlers
tt0363095,1100,38563,39663,Freeze Frame
tt0363163,5509040,86672534,92181574,Downfall
tt0363226,1118163,1911329,3029492,The Blind Swordsman: Zatoichi
tt0363235,5166,11317,16483,Bright Future
tt0363249,39291,34060,73351,Father and Son
tt0363276,21036771,0,21036771,Madhouse
tt0363282,14071441,7218385,21289826,New York Minute
tt0363290,17790,0,17790,Purple Butterfly
tt0363472,670076,587960,1258036,Bewafaa
tt0363473,6318709,2128906,8447615,Beyond the Sea
tt0363504,21398,0,21398,Bigger Than the Sky
tt0363510,153859,0,153859,The Revolution Will Not Be Televised
tt0363532,2110589,5010350,7120939,Intimate Strangers
tt0363547,59020957,43257755,102278712,Dawn of the Dead
tt0363579,30241,0,30241,Down to the Bone
tt0363589,1266955,8745067,10012022,Elephant
tt0363771,291710957,453302158,745013115,"The Chronicles of Narnia: The Lion, the Witch and the Wardrobe"
tt0363780,421307,104938,526245,Lymelife
tt0363988,48022900,44890271,92913171,Secret Window
tt0364045,32682342,32788187,65470529,Taking Lives
tt0364093,20237,581578,601815,A Talking Picture
tt0364120,15355,0,15355,Wild Side
tt0364303,84728,73629,158357,Dev
tt0364343,551281,2671158,3222439,The Final Cut
tt0364385,325680,2679029,3004709,Ju-on: The Grudge
tt0364435,5741,0,5741,Jailbait
tt0364517,553504,8007867,8561371,Love Me If You Dare
tt0364569,707481,14272524,14980005,Oldboy
tt0364725,114326736,53395574,167722310,Dodgeball: A True Underdog Story
tt0364751,58169327,11228041,69397368,Without a Paddle
tt0364930,97362,0,97362,Aileen: Life and Death of a Serial Killer
tt0364955,3297137,9492,3306629,Art School Confidential
tt0364961,708776,3699038,4407814,The Assassination of Richard Nixon
tt0364970,22532572,49576628,72109200,Babylon A.D.
tt0365109,132261,19156000,19288261,Deep Blue
tt0365125,1339668,468498,1808166,A Dirty Shame
tt0365190,673828,1700000,2373828,Red Lights
tt0365285,17257,0,17257,The Great Water
tt0365296,5342,0,5342,Hair High
tt0365376,72541,972711,1045252,A Tale of Two Sisters
tt0365411,72115,0,72115,Hollywood Buddha
tt0365485,12594698,4711583,17306281,The Matador
tt0365675,37189,3050,40239,The Red Baron
tt0365686,84738,343882,428620,Revolver
tt0365737,50824620,43150000,93974620,Syriana
tt0365748,13542874,16496518,30039392,Shaun of the Dead
tt0365830,8334575,5574187,13908762,Tenacious D in the Pick of Destiny
tt0365885,18761993,9475197,28237190,The Upside of Anger
tt0365907,26307600,26874000,53181600,A Walk Among the Tombstones
tt0365929,10275638,7565229,17840867,Whiteout
tt0365938,319355,18262,337617,Winter Solstice
tt0365957,40363810,8267751,48631561,You Got Served
tt0365960,8466,0,8466,Zero Day
tt0366137,190860,1990581,2181441,Lost Embrace
tt0366174,32238923,38753975,70992898,Anacondas: The Hunt for the Blood Orchid
tt0366287,296464,3989473,4285937,Caterina in the Big City
tt0366444,10514,0,10514,Fighting Tommy Riley
tt0366517,26799,0,26799,Fish Without a Bicycle
tt0366532,9844180,3492292,13336472,Seducing Doctor Lewis
tt0366548,198000317,186335291,384335608,Happy Feet
tt0366551,18250550,5686358,23936908,Harold & Kumar Go to White Castle
tt0366627,6303762,14822463,21126225,The Jacket
tt0366701,935,473817,474752,Producing Adults
tt0366721,24966,39458,64424,Trilogy: The Weeping Meadow
tt0366777,6584159,5198123,11782282,Millions
tt0366780,866999,0,866999,Mirrormask
tt0366920,377271,0,377271,Pride and Prejudice
tt0366943,73516,397591,471107,Reconstruction
tt0366996,699225,125552,824777,The Saddest Music in the World
tt0367027,1985292,3530900,5516192,Shortbus
tt0367082,196857,2315152,2512009,Fateless
tt0367085,14190750,631074,14821824,Soul Plane
tt0367089,7372734,3725397,11098131,The Squid and the Whale
tt0367097,45497,0,45497,Straight-Jacket
tt0367110,1223240,730649,1953889,Swades
tt0367188,205165,1260848,1466013,Modigliani
tt0367479,28331233,33016564,61347797,After the Sunset
tt0367567,39200,0,39200,Sea of Dreams
tt0367594,206459076,268509687,474968763,Charlie and the Chocolate Factory
tt0367631,97446,0,97446,D.E.B.S.
tt0367652,22400154,22709407,45109561,Deuce Bigalow: European Gigolo
tt0367790,365727,0,365727,Baadasssss!
tt0367859,24391,0,24391,The Man Who Copied
tt0367882,317101119,469534914,786636033,Indiana Jones and the Kingdom of the Crystal Skull
tt0367959,27670986,54498898,82169884,Hannibal Rising
tt0367960,1690767,0,1690767,The Legend of Johnny Lingo
tt0368008,65955630,30150280,96105910,The Manchurian Candidate
tt0368089,192186,0,192186,November
tt0368222,557471,2377771,2935242,Romance & Cigarettes
tt0368264,48594,0,48594,Shakespeare Behind Bars
tt0368310,17508,0,17508,Sunset Story
tt0368411,9614,0,9614,Virgin
tt0368447,114197520,142500000,256697520,The Village
tt0368578,82674398,15244265,97918663,Are We There Yet?
tt0368580,19504,31107,50611,Asambhav
tt0368658,782383,1370687,2153070,Stage Beauty
tt0368709,26850426,25184465,52034891,Elizabethtown
tt0368711,391950,0,391950,End of the Century
tt0368721,16265,0,16265,Faster
tt0368745,37977,0,37977,Girlhood
tt0368774,29058,0,29058,The Heart Is Deceitful Above All Things
tt0368794,4017609,7646507,11664116,I'm Not There
tt0368851,25315,0,25315,Maestro
tt0368891,173008894,174503424,347512318,National Treasure
tt0368909,4563167,15549759,20112926,Ong-Bak: The Thai Warrior
tt0368913,1270904,2617998,3888902,Osama
tt0368933,95170481,39564000,134734481,The Princess Diaries 2: Royal Engagement
tt0368954,22606,472,23078,S21: The Khmer Rouge Killing Machine
tt0368962,2241,0,2241,Mirage
tt0368975,9436390,347660,9784050,Sleepover
tt0369053,924260,2527763,3452023,Separate Lies
tt0369226,5178569,5264239,10442808,Alone in the Dark
tt0369294,20795,0,20795,Killer Diller
tt0369295,53169,0,53169,Boys Life 4: Four Play
tt0369330,31015,0,31015,Chooch
tt0369339,101005703,116657543,217663246,Collateral
tt0369436,120146040,43587657,163733697,Four Christmases
tt0369441,110332737,91693375,202026112,Fun with Dick and Jane
tt0369523,29710,0,29710,Henri Cartier-Bresson: The Impassioned Eye
tt0369610,652270625,1018130012,1670400637,Jurassic World
tt0369637,224831,1960529,2185360,Kuch Naa Kaho
tt0369672,164308,1676952,1841260,A Love Song for Bobby Long
tt0369702,2104923,36430298,38535221,The Sea Inside
tt0369735,82931301,70843099,153774400,Monster-in-Law
tt0369994,2072645,181479,2254124,Strangers with Candy
tt0370032,18535812,12534399,31070211,Ultraviolet
tt0370263,80282231,92262423,172544654,Alien vs. Predator
tt0370531,1870,0,1870,She's One of Us
tt0370986,713240,811726,1524966,Mysterious Skin
tt0371246,42726869,12314498,55041367,Spanglish
tt0371257,3626883,4715249,8342132,Stay
tt0371280,148959,251809,400768,Crimson Gold
tt0371583,296181,0,296181,Bonhoeffer
tt0371606,135386665,179046172,314432837,Chicken Little
tt0371683,113622,0,113622,Games People Play: New York
tt0371724,51085416,53393000,104478416,The Hitchhiker's Guide to the Galaxy
tt0371739,45148,41724,86872,The Zodiac
tt0371746,318604126,266762121,585366247,Iron Man
tt0371939,307208,1591398,1898606,Secuestro express
tt0372122,309404,0,309404,Adam & Steve
tt0372183,176241941,112258274,288500215,The Bourne Supremacy
tt0372237,68915888,32950142,101866030,Guess Who
tt0372279,1174079,106598,1280677,Festival Express
tt0372321,2171,0,2171,Hell's Highway: The True Story of Highway Safety Films
tt0372334,388532,667,389199,House of D
tt0372370,44287,0,44287,Lana's Rain
tt0372401,3252,0,3252,Sex Sells: The Making of 'Touchï¿½
tt0372532,31726995,15369211,47096206,The Wedding Date
tt0372588,32786074,18040824,50826898,Team America: World Police
tt0372763,612864,0,612864,The Animation Show
tt0372784,206852432,166560865,373413297,Batman Begins
tt0372806,77888,0,77888,Bright Leaves
tt0372808,3664,0,3664,Brothers in Arms
tt0372814,1443,78928,80371,Free Radicals
tt0372824,3635164,84750780,88385944,The Chorus
tt0372873,10977721,64131096,75108817,Dragon Wars: D-War
tt0372884,155212,0,155212,Eating Out
tt0373024,228767,62351,291118,Imaginary Heroes
tt0373051,101704370,140290781,241995151,Journey to the Center of the Earth
tt0373074,17108591,83803854,100912445,Kung Fu Hustle
tt0373152,10637,0,10637,Mind the Gap
tt0373175,2750707,169374,2920081,My Architect
tt0373283,1310470,0,1310470,Saints and Soldiers
tt0373389,578241,0,578241,Tibet: Cry of the Snow Lion
tt0373416,5655459,103063,5758522,Underclassman
tt0373445,127414,0,127414,The Wendell Baker Story
tt0373450,872142,2605536,3477678,Where the Truth Lies
tt0373469,4243756,11541392,15785148,Kiss Kiss Bang Bang
tt0373747,539285,638890,1178175,House of Sand
tt0373788,1352489,0,1352489,Le dernier tunnel
tt0373861,1763052,7565600,9328652,The Story of the Weeping Camel
tt0373883,58272029,21981879,80253908,Halloween
tt0373889,292004738,646208000,938212738,Harry Potter and the Order of the Phoenix
tt0373908,12843849,339577,13183426,The Honeymooners
tt0373926,72708161,90236762,162944923,The Interpreter
tt0373941,604,0,604,"Jesus, You Know"
tt0373981,237183,1040617,1277800,Kontroll
tt0374036,34835,0,34835,Campfire
tt0374089,79123,3009562,3088685,Nomad: The Warrior
tt0374102,30610863,24057091,54667954,Open Water
tt0374262,3386,0,3386,Tamala 2010: A Punk Cat in Space
tt0374277,564535,16520,581055,Touch of Pink
tt0374330,82936,6023242,6106178,Warriors of Heaven and Earth
tt0374345,333707,124335,458042,The Memory of a Killer
tt0374536,63313159,68113010,131426169,Bewitched
tt0374546,2380788,4579003,6959791,"Spring, Summer, Fall, Winter... and Spring"
tt0374563,2626800,8294400,10921200,Captivity
tt0374583,1737308,16992443,18729751,Look at Me
tt0374639,37493,0,37493,Incident at Loch Ness
tt0374783,79974,0,79974,Jack Paradise
tt0374790,2377609,0,2377609,Journey
tt0374887,48772,3088944,3137716,Munna Bhai M.B.B.S.
tt0374900,44540956,1577141,46118097,Napoleon Dynamite
tt0374923,405191,0,405191,Preaching to the Choir
tt0375063,71503593,38203338,109706931,Sideways
tt0375104,2694071,13842,2707913,Bobby Jones: Stroke of Genius
tt0375154,14734633,13313330,28047963,Tristan & Isolde
tt0375173,13399812,21661070,35060882,Alfie
tt0375210,56386759,34809660,91196419,White Noise
tt0375568,19551067,20335919,39886986,Astro Boy
tt0375611,754819,508381,1263200,Black
tt0375679,54580300,43829761,98410061,Crash
tt0375735,358362,1315259,1673621,Enduring Love
tt0375785,71561,872918,944479,Gray Matters
tt0375911,28324,0,28324,Guys and Balls
tt0375912,2339957,9510257,11850214,Layer Cake
tt0375920,4835065,6016999,10852064,The Libertine
tt0376007,238831,0,238831,Nina's Tragedies
tt0376105,49772522,40981953,90754475,Racing Stripes
tt0376108,16809014,683000,17492014,Rebound
tt0376136,13109815,10837729,23947544,The Rum Diary
tt0376177,284961,0,284961,Only Human
tt0376196,1237615,559641,1797256,Slow Burn
tt0376479,544098,1519338,2063436,American Pastoral
tt0376541,33987757,81517270,115505027,Closer
tt0376543,71190,425819,497009,Color Me Kubrick
tt0376588,24640,0,24640,Eat This New York
tt0376649,4143,0,4143,The Hillside Strangler
tt0376717,527000,302140,829140,Gold Diggers
tt0376827,5716,0,5716,Pizza
tt0376890,1020656,363739,1384395,Silver City
tt0376968,504256,3924837,4429093,The Return
tt0376994,234362462,224893546,459256008,X-Men: The Last Stand
tt0377031,226189,0,226189,The Agronomist
tt0377038,1163450,0,1163450,The Best Two Years
tt0377061,24110,0,24110,I'll Believe You
tt0377062,21009180,13577088,34586268,Flight of the Phoenix
tt0377071,203917,0,203917,The Home Teachers
tt0377084,6765081,13611994,20377075,Ladies in Lavender
tt0377088,62387,2982,65369,Mail Order Wife
tt0377091,603951,198997,802948,Mean Creek
tt0377092,86058055,42912661,128970716,Mean Girls
tt0377107,7535331,6654529,14189860,Proof
tt0377109,76231249,84633708,160864957,The Ring Two
tt0377471,56046979,39179137,95226116,Be Cool
tt0377556,35120,0,35120,"Goodbye, Dragon Inn"
tt0377569,10093,4224562,4234655,"Good Morning, Night"
tt0377744,4179890,5877131,10057021,A Day Without a Mexican
tt0377752,18025,1638804,1656829,Dear Frankie
tt0377800,440793,4222708,4663501,Don't Come Knocking
tt0377818,80270227,30799288,111069515,The Dukes of Hazzard
tt0377981,99967670,94000000,193967670,Gnomeo & Juliet
tt0377992,4069090,0,4069090,The Visual Bible: The Gospel of John
tt0378025,409978,111282,521260,Hawayein
tt0378072,796641,1082061,1878702,Hum Tum
tt0378109,18801234,25633205,44434439,Into the Blue
tt0378194,66208183,85951278,152159461,Kill Bill: Vol. 2
tt0378284,26676,3161024,3187700,Machuca
tt0378378,3604,0,3604,Moog
tt0378407,181041,81729,262770,My Date with Drew
tt0378867,185078,63050,248128,Testosterone
tt0378906,506793,161846,668639,Travelers and Magicians
tt0378947,3826280,16259574,20085854,Melinda and Melinda
tt0379158,21507,0,21507,Imaginary Witness: Hollywood and the Holocaust
tt0379184,9528,0,9528,Blackballed: The Bobby Dukes Story
tt0379217,2198924,5730383,7929307,Coffee and Cigarettes
tt0379225,3493516,1112166,4605682,The Corporation
tt0379270,21589,32236,53825,Easy
tt0379298,884664,0,884664,Gaz Bar Blues
tt0379306,238609,6639233,6877842,A Good Woman
tt0379307,255947,0,255947,Greendale
tt0379322,1190000,0,1190000,Indigo
tt0379357,6945,0,6945,Los Angeles Plays Itself
tt0379402,16027,0,16027,Night of Henna
tt0379461,62031,0,62031,Proteus
tt0379557,4593598,9292204,13885802,Touching the Void
tt0379577,66361,0,66361,Vodka Lemon
tt0379593,255364,138790,394154,The Yes Men
tt0379708,45000,0,45000,Bailey's Billion$
tt0379713,156000,189708,345708,Billabong Odyssey
tt0379725,28750530,20482631,49233161,Capote
tt0379739,3600,0,3600,Cockfight
tt0379786,25514517,13354947,38869464,Serenity
tt0379865,31373938,9925554,41299492,Leatherheads
tt0379889,3765585,17652140,21417725,The Merchant of Venice
tt0379918,15456,1772376,1787832,Oyster Farmer
tt0379926,15679,0,15679,People Say I'm Crazy
tt0379976,435746,997053,1432799,Savage Grace
tt0380268,150056,10291,160347,Cocaine Cowboys
tt0380275,134600,0,134600,Concert for George
tt0380277,11814019,195051,12009070,The Cookout
tt0380344,1838920,0,1838920,Elvis Gratton 3: Le retour d'Elvis Wong
tt0380366,30148,6517493,6547641,Ae Fond Kiss
tt0380389,4283255,23327618,27610873,Goal! The Dream Begins
tt0380420,10718,0,10718,Freshman Orientation
tt0380485,107585,0,107585,Bonjour Monsieur Shlomi
tt0380510,44114232,49507108,93621340,The Lovely Bones
tt0380538,155874,0,155874,Matando Cabos
tt0380585,2004814,0,2004814,Red Nose
tt0380599,2080321,40500000,42580321,Oliver Twist
tt0380609,180503,92520,273023,P.S.
tt0380615,1121744,0,1121744,Paper Clips
tt0380623,16535005,3235470,19770475,The Perfect Man
tt0380689,63332,5699469,5762801,Untold Scandal
tt0380732,2014071,0,2014071,Sur le seuil
tt0380773,21888,0,21888,Three Dancing Slaves
tt0380817,107492,6291,113783,Winter Passing
tt0381006,314402,0,314402,America's Heart & Soul
tt0381061,167445960,431600000,599045960,Casino Royale
tt0381392,71616,950532,1022148,Ma Mï¿½ï
tt0381429,92214,0,92214,Somersault
tt0381505,305800,231326,537126,Pretty Persuasion
tt0381668,46750,0,46750,Tropical Malady
tt0381681,5820649,9802073,15622722,Before Sunset
tt0381682,3784,0,3784,A Hole in My Heart
tt0381690,898468,2395584,3294052,Heading South
tt0381707,70831760,42254715,113086475,White Chicks
tt0381717,396760,265186,661946,Yes
tt0381849,53606916,16409304,70016220,3:10 to Yuma
tt0381971,58360760,11474055,69834815,Curious George
tt0382019,28089,0,28089,Eternal
tt0382073,1160817,145464,1306281,Heights
tt0382077,51100486,71544334,122644820,Hide and Seek
tt0382189,1000915,1766061,2766976,My Summer of Love
tt0382330,10236,0,10236,As It Is in Heaven
tt0382383,331166,236580,567746,Yuva
tt0382561,305281,0,305281,Hair Show
tt0382621,300322,449285,749607,Cronicas
tt0382625,217536138,540703713,758239851,The Da Vinci Code
tt0382628,25473352,18873727,44347079,Dark Water
tt0382691,32799,234603,267402,Gilles' Wife
tt0382765,400438,5643674,6044112,Jindabyne
tt0382806,105067,2384944,2490011,Look Both Ways
tt0382810,8148,3240358,3248506,Little Fish
tt0382847,7123,0,7123,Mendy
tt0382932,206445654,417277164,623722818,Ratatouille
tt0382992,32116746,44816126,76932872,Stealth
tt0383010,44338224,10481077,54819301,The Three Stooges
tt0383028,3083538,1310143,4393681,"Synecdoche, New York"
tt0383060,11989328,516860,12506188,Zoom
tt0383216,82226474,76624883,158851357,The Pink Panther
tt0383222,2405420,1244855,3650275,BloodRayne
tt0383460,1479,0,1479,The Letter: An American Town and the 'Somali Invasion'
tt0383475,188467,0,188467,Lost Boys of Sudan
tt0383518,2150,3168,5318,Mouth to Mouth
tt0383574,423315812,642863913,1066179725,Pirates of the Caribbean: Dead Man's Chest
tt0383648,5729,0,5729,Sueï¿½
tt0383694,3775283,9492586,13267869,Vera Drake
tt0384286,10047674,5537821,15585495,Cry Wolf
tt0384369,144254,3619965,3764219,Before the Fall
tt0384488,489389,921563,1410952,Saint Ralph
tt0384504,1187266,49252,1236518,Saving Face
tt0384533,366037,1156340,1522377,She Hate Me
tt0384537,46982632,50624821,97607453,Silent Hill
tt0384573,34812,0,34812,Swimmers
tt0384642,52842724,3227709,56070433,Kicking & Screaming
tt0384680,12482775,6556995,19039770,The Weather Man
tt0384683,58776,0,58776,What We Do Is Secret
tt0384686,1669971,2422711,4092682,The White Countess
tt0384793,36323505,2181504,38505009,Accepted
tt0384806,65233369,42283000,107516369,The Amityville Horror
tt0384810,193637,385713,579350,Around the Bend
tt0384814,743847,1716210,2460057,Ask the Dust
tt0384819,41803,0,41803,Azumi
tt0384929,342747,2294,345041,The Dying Gaul
tt0384994,16803,0,16803,Hidden in Plain Sight
tt0385002,346830,2807516,3154346,Green Street Hooligans
tt0385004,11050094,81813851,92863945,House of Flying Daggers
tt0385006,215303,0,215303,How the Garcia Girls Spent Their Summer
tt0385056,154187,20628,174815,Lonesome Jim
tt0385057,1286,3466088,3467374,The Long Weekend
tt0385267,45806659,15508556,61315215,In Good Company
tt0385307,48478006,52915563,101393569,Miss Congeniality 2: Armed & Fabulous
tt0385635,2259688,0,2259688,Dans une galaxie prï¿½ï¿½ï¿½ï¿½ï¿½ï¿½ï¿½ï¿½ï¿
tt0385666,25189,0,25189,Drivers Wanted
tt0385726,42647449,291000,42938449,Glory Road
tt0385752,70107728,302127136,372234864,The Golden Compass
tt0385779,493905,0,493905,L'incomparable mademoiselle C.
tt0385878,1435015,0,1435015,Monica la mitraille
tt0385880,73661010,66513996,140175006,Monster House
tt0385887,9277736,7000000,16277736,Motherless Brooklyn
tt0385890,4655,12150594,12155249,My Big Fat Independent Movie
tt0386032,24540079,11553425,36093504,Sicko
tt0386064,1111061,68716522,69827583,Tae Guk Gi: The Brotherhood of War
tt0386095,762,0,762,Uncut
tt0386117,77233467,22853326,100086793,Where the Wild Things Are
tt0386140,46464023,95936042,142400065,The Legend of Zorro
tt0386342,389220,100486,489706,Brothers
tt0386423,640013,0,640013,Dust to Glory
tt0386504,142483,54829,197312,Haven
tt0386588,179495555,188520379,368015934,Hitch
tt0386649,2462,0,2462,Motocross Kids
tt0386651,143383,16077,159460,Mountain Patrol
tt0386669,1599716,457577,2057293,Battle of the Brave
tt0386741,70644,1760704,1831348,Renaissance
tt0386757,2119,0,2119,Running with Arnold
tt0386820,51168,0,51168,Terkel in Trouble
tt0386862,1410,0,1410,The Forest for the Trees
tt0387032,374360,0,374360,Annie Brocoli dans les fonds marins
tt0387037,60729,0,60729,Aurora Borealis
tt0387055,70899,182852,253751,Battle in Heaven
tt0387059,1180560,5676429,6856989,Bee Season
tt0387131,33579797,48886873,82466670,The Constant Gardener
tt0387155,155714,0,155714,Dans l'oeil du chat
tt0387412,1222708,757736,1980444,Metallica: Some Kind of Monster
tt0387514,22827153,45110341,67937494,Prime
tt0387549,5642,0,5642,The Roost
tt0387564,56000369,47911300,103911669,Saw
tt0387575,17083732,7745912,24829644,Seed of Chucky
tt0387596,298347,4556834,4855181,Silmido
tt0387694,20318,0,20318,Words of My Perfect Teacher
tt0387808,444093,41106,485199,Idiocracy
tt0387877,22545080,26787612,49332692,The Black Dahlia
tt0387892,26042,1786791,1812833,Brodeuses - A Common Thread
tt0387898,3647381,12550443,16197824,Cachï¿
tt0387914,837878,6177253,7015131,Innocent Voices
tt0387989,111423,0,111423,Deewaar: Let's Bring Our Heroes Home
tt0388118,7656,0,7656,The Whore's Son
tt0388125,32880591,50193292,83073883,In Her Shoes
tt0388139,120620,1471259,1591879,It's All Gone Pete Tong
tt0388182,268461,777325,1045786,King of California
tt0388183,4008527,135125,4143652,King's Ransom
tt0388201,16469,0,16469,The Last Mogul
tt0388213,33223,0,33223,Loverboy
tt0388230,127287,131495,258782,Malevolence
tt0388285,1230897,522053,1752950,Going the Distance
tt0388288,14982,651172,666154,My First Wedding
tt0388311,29194,170981,200175,Or
tt0388315,36486,1516709,1553195,Out of Control
tt0388395,595071,3439161,4034232,Schultze Gets the Blues
tt0388419,73780539,22791941,96572480,Christmas with the Kranks
tt0388473,367131,18795,385926,Tokyo Godfathers
tt0388482,43095856,42071783,85167639,Transporter 2
tt0388500,36351350,894103,37245453,Beauty Shop
tt0388789,3515061,14140,3529201,Born Into Brothels: Calcutta's Red Light Kids
tt0388795,83043761,95018998,178062759,Brokeback Mountain
tt0388838,138711,2753974,2892685,Clean
tt0388863,9791,0,9791,Cuba: Island of Music
tt0388888,127067,101761,228828,Dig!
tt0388980,15337393,93784,15431177,The Greatest Game Ever Played
tt0389009,4874,0,4874,Home of the Brave
tt0389235,49940,0,49940,On the Outs
tt0389326,2276368,939743,3216111,Riding Giants
tt0389328,114306,2736621,2850927,Rise: Blood Hunter
tt0389361,79916,0,79916,Searching for the Wrong-Eyed Jesus
tt0389557,4398532,22370031,26768563,Black Book
tt0389722,39569000,35936977,75505977,30 Days of Night
tt0389738,2731,0,2731,Agnes and His Brothers
tt0389790,126631277,160963300,287594577,Bee Movie
tt0389828,672156,72009,744165,C.S.A.: The Confederate States of America
tt0389831,3894585,5514,3900099,Camping sauvage
tt0389860,137355633,100325666,237681299,Click
tt0389966,29345,0,29345,Empathy
tt0390022,61255921,694849,61950770,Friday Night Lights
tt0390080,15247,0,15247,Harry + Max
tt0390109,16214,0,16214,I Like Killing Flies
tt0390123,417120,0,417120,In the Realms of the Unreal
tt0390159,105152,0,105152,Captain Sabertooth
tt0390185,29866,0,29866,Lbs.
tt0390221,6529624,6065006,12594630,Maria Full of Grace
tt0390365,1672,0,1672,Persons of Interest
tt0390384,424760,120676,545436,Primer
tt0390418,31211,0,31211,The Raspberry Reich
tt0390466,798977,0,798977,Chunhyang
tt0390521,11536423,9104631,20641054,Super Size Me
tt0390538,592014,0,592014,Tarnation
tt0390614,815064,1580552,2395616,Waqt: The Race Against Time
tt0390632,110617,0,110617,Word Wars
tt0391024,2589616,135210,2724826,Control Room
tt0391104,173306,0,173306,Baptists at Our Barbecue
tt0391198,110359362,76921753,187281115,The Grudge
tt0391225,376612,0,376612,The Hunting of the President
tt0391229,194568,0,194568,I Want Someone to Eat Cheese With
tt0391304,21845719,21041000,42886719,A Lot Like Love
tt0391407,1246,0,1246,Proteus: A Nineteenth Century Vision
tt0391483,69816,0,69816,Take Out
tt0391892,132920,0,132920,Crying Ladies
tt0392465,36006,48441,84447,Mozart and the Whale
tt0392739,3826,0,3826,Saints and Sinners
tt0392908,431513,0,431513,When Do We Eat?
tt0393109,2075743,1843511,3919254,Brick
tt0393162,67264877,9404677,76669554,Coach Carter
tt0393597,32011576,76963584,108975160,Earth
tt0393735,61123569,26010711,87134280,The Shaggy Dog
tt0393775,4055,0,4055,Simon
tt0395125,418843,8622154,9040997,El Crimen Perfecto
tt0395169,23530892,10351351,33882243,Hotel Rwanda
tt0395251,19398532,18659803,38058335,The Producers
tt0395461,89672,263447,353119,Bab'Aziz: The Prince That Contemplated His Soul
tt0395495,15539051,619436,16158487,Catch and Release
tt0395543,75828,96741,172569,Forty Shades of Blue
tt0395561,203144,0,203144,States of Grace
tt0395584,17044981,2345048,19390029,The Devil's Rejects
tt0395699,113086868,85550000,198636868,The Pacifier
tt0395796,26756,0,26756,Trudell
tt0395972,18337722,6873453,25211175,North Country
tt0396041,12604,0,12604,Gory Gory Hallelujah
tt0396087,15084,0,15084,Khachaturian
tt0396112,2750263,0,2750263,Ma vie en cinï¿½ï¿½ï¿½
tt0396171,2223293,132816631,135039924,Perfume: The Story of a Murderer
tt0396223,120488,0,120488,Sons of Provo
tt0396240,28032,0,28032,Superstar in a Housedress
tt0396269,209255921,75920820,285176741,Wedding Crashers
tt0396271,159429,0,159429,When Will I Be Loved
tt0396502,6437,0,6437,Beyond Honor
tt0396555,97822171,71510863,169333034,Meet the Robinsons
tt0396587,1967,0,1967,FAQs
tt0396592,48116322,435000,48551322,Fat Albert
tt0396652,24402491,3243000,27645491,Ice Princess
tt0396688,282183,458027,740210,The King
tt0396690,147000,338613,485613,Kisna: The Warrior Poet
tt0396705,201711,0,201711,Lightning in a Bottle
tt0396752,47144110,74356711,121500821,Nanny McPhee
tt0396818,9392,0,9392,First Love
tt0396857,370627,149175,519802,Shadowboxer
tt0396962,1416,0,1416,Shwaas
tt0397044,3526847,2784270,6311117,Blood and Chocolate
tt0397065,32064800,36701321,68766121,House of Wax
tt0397078,17326650,20833255,38159905,Just My Luck
tt0397101,47907715,44067103,91974818,The Skeleton Key
tt0397103,32833,0,32833,Smile
tt0397307,40182,0,40182,Yiddish Theater: A Love Story
tt0397313,81612565,38843429,120455994,Eight Below
tt0397477,1124,0,1124,The Ister
tt0397535,57490508,104752454,162242962,Memoirs of a Geisha
tt0397892,114053579,195926415,309979994,Bolt
tt0398017,36024076,21455000,57479076,Derailed
tt0398027,568932,283940,852872,Down in the Valley
tt0398103,51936,0,51936,Hiding and Seeking: Faith and Tolerance After the Holocaust
tt0398165,158119460,32201108,190320568,The Longest Yard
tt0398286,200821936,390973000,591794936,Tangled
tt0398375,43000262,45933300,88933562,Rumor Has It...
tt0398390,10529,0,10529,White Rainbow
tt0398712,20040895,15253575,35294470,Assault on Precinct 13
tt0398808,82272442,55314621,137587063,Bridge to Terabithia
tt0398830,26904,0,26904,Cape of Good Hope
tt0398835,107040,0,107040,Carlos Castaneda: Enigma of a Sorcerer
tt0398842,617236,286444,903680,The Celestine Prophecy
tt0398872,2922354,333072,3255426,Clifford's Really Big Movie
tt0398913,480813,7035719,7516532,DOA: Dead or Alive
tt0398963,72234,0,72234,Dorian Blues
tt0398971,231609,0,231609,Down and Derby
tt0398982,13510,0,13510,Duane Hopwood
tt0399048,4298,0,4298,Beauty Remains
tt0399095,214307,1241583,1455890,Trade
tt0399146,31504633,29236194,60740827,A History of Violence
tt0399201,35818913,127130251,162949164,The Island
tt0399295,24149632,48467436,72617068,Lord of War
tt0399327,8330720,5154425,13485145,The Man
tt0399465,22393,0,22393,Blackmail Boy
tt0399692,624,0,624,Steve + Sky
tt0399738,545255,3633459,4178714,Changing Times
tt0399862,11967000,161105,12128105,End of the Spear
tt0399877,10942306,5055872,15998178,What the #$*! Do We now!?
tt0399901,6879730,0,6879730,Woman Thou Art Loosed
tt0400234,35000,1575897,1610897,Black Friday
tt0400400,1852272,0,1852272,The Five of Us
tt0400446,22900,0,22900,Frankie and Johnny Are Married
tt0400497,66023816,78123000,144146816,Herbie Fully Loaded
tt0400525,9016782,1140186,10156968,The Ice Harvest
tt0400717,85105259,112203768,197309027,Open Season
tt0400761,15674,46000,61674,Quill: The Life of a Guide Dog
tt0401233,129135,1332854,1461989,Appleseed
tt0401244,181872,0,181872,The Baxter
tt0401248,133920,504397,638317,Beautiful Boxer
tt0401383,6003227,13776889,19780116,The Diving Bell and the Butterfly
tt0401385,5361,0,5361,Say Uncle
tt0401420,85410,184345,269755,Fierce People
tt0401445,7459300,34604805,42064105,A Good Year
tt0401462,3700,0,3700,The Helix... Loaded
tt0401488,245127,2460036,2705163,Up and Down
tt0401581,15635,0,15635,A Letter to True
tt0401591,138267,0,138267,Brooklyn Lobster
tt0401593,4480,0,4480,Looking for Kitty
tt0401623,34137524,6201878,40339402,Magnificent Desolation: Walking on the Moon 3D
tt0401711,4899278,12572449,17471727,"Paris, je t'aime"
tt0401729,73078100,211061000,284139100,John Carter
tt0401792,74103820,84630000,158733820,Sin City
tt0401808,23919,4227,28146,Sunflower
tt0401815,206871,0,206871,Tamara
tt0401855,62318875,49021926,111340801,Underworld: Evolution
tt0401997,33231264,7722671,40953935,Breach
tt0402022,25874337,26429664,52304001,ýýon Flux
tt0402057,68820,23256,92076,Beowulf & Grendel
tt0402141,50469,1525534,1576003,After Midnight
tt0402230,150142,21913,172055,The Great New Wonderful
tt0402249,423,0,423,The Dark Hours
tt0402289,9395,0,9395,Innocence and Experience: The Making of 'The Age of Innocence'
tt0402399,12712093,18798762,31510855,The New World
tt0402406,74631,0,74631,The Nomi Song
tt0402417,55459,0,55459,The Other Side of the Street
tt0402577,30210,0,30210,WMD: Weapons of Mass Deception
tt0402595,60815,0,60815,You I Love
tt0402743,1810,0,1810,Abominable
tt0402894,11304403,26387241,37691644,Casanova
tt0402901,15007991,18288466,33296457,The Cave
tt0402906,21603,0,21603,Czech Dream
tt0403016,3102550,241881,3344431,Supercross
tt0403217,463080,1993374,2456454,Last Days
tt0403358,1502188,16437201,17939389,Night Watch
tt0403455,17380866,120000,17500866,Roll Bounce
tt0403508,39053061,2960817,42013878,The Sisterhood of the Traveling Pants
tt0403537,1691706,0,1691706,State Property: Blood on the Streets
tt0403692,11807,0,11807,Woman Is the Future of Man
tt0403702,15281286,4369807,19651093,Youth in Revolt
tt0403703,19887556,8806364,28693920,Yu-Gi-Oh!: The Movie - Pyramid of Light
tt0403893,396803,0,396803,Still We Believe: The Boston Red Sox Movie
tt0403910,177485,0,177485,Bush's Brain
tt0403935,256872,58737,315609,Action Jackson
tt0404030,1712337,1889637,3601974,Everything Is Illuminated
tt0404032,75072454,69144014,144216468,The Exorcism of Emily Rose
tt0404034,5673,0,5673,The Fall of Night
tt0404163,64458,47516,111974,Even Money
tt0404203,5463019,9358639,14821658,Little Children
tt0404390,6855137,2524892,9380029,Running Scared
tt0404551,6458,0,6458,"White King, Red Rubber, Black Death"
tt0404552,5130,13167,18297,The Life: What's Your Pleasure?
tt0404802,1415082,362924,1778006,The Notorious Bettie Page
tt0405094,11286112,66070830,77356942,The Lives of Others
tt0405159,100492203,116271443,216763646,Million Dollar Baby
tt0405163,16334,38611,54945,The Amateurs
tt0405271,31918,0,31918,Reel Paradise
tt0405296,5501616,2158038,7659654,A Scanner Darkly
tt0405325,63946815,22423000,86369815,Sky High
tt0405336,275380,99363,374743,Southland Tales
tt0405357,79470,0,79470,Suits on the Loose
tt0405393,1827660,9341572,11169232,Rudo y Cursi
tt0405422,109449237,67929408,177378645,The 40-Year-Old Virgin
tt0405461,246094,0,246094,Watermarks
tt0405469,37384046,64954469,102338515,The Wild
tt0405508,2197694,6649000,8846694,Rang De Basanti
tt0405676,7221458,2229439,9450897,All the King's Men
tt0405866,111728,250271,361999,The Bridesmaid
tt0405977,10289,9877,20166,Chaos
tt0406038,115314,0,115314,Loggerheads
tt0406158,627844,61184,689028,"The Prize Winner of Defiance, Ohio"
tt0406214,14804,0,14804,Name
tt0406216,54357,0,54357,Schizo
tt0406375,29258869,35062632,64321501,Zathura: A Space Adventure
tt0406650,52597,298804,351401,The Chumscrubber
tt0406759,31418697,25545945,56964642,The Eye
tt0406816,55011732,39961808,94973540,The Guardian
tt0406977,308566,374455,683021,Masti
tt0407021,3027,0,3027,Los Muertos
tt0407031,29220,0,29220,Naked Fame
tt0407121,18098433,34760000,52858433,Pooh's Heffalump Movie
tt0407236,48324,85658,133982,Lunacy
tt0407246,147551,7859,155410,Duck Season
tt0407263,614138,0,614138,Going Upriver: The Long War of John Kerry
tt0407265,9015303,6136441,15151744,Transamerica
tt0407304,234280354,357465178,591745532,War of the Worlds
tt0407342,248565,245465,494030,ýý Tout de Suite
tt0407536,290211,26316,316527,The Aryan Couple
tt0407551,12655,0,12655,Autumn
tt0407621,3260,0,3260,Calvaire
tt0407732,146490,0,146490,Dirty Deeds
tt0407814,13716,0,13716,Full Grown Men
tt0407887,132384315,159080719,291465034,The Departed
tt0407926,7753,0,7753,Kill Your Idols
tt0408236,52898073,99625091,152523164,Sweeney Todd: The Demon Barber of Fleet Street
tt0408261,270014,0,270014,This Old Cub
tt0408306,47403685,82954960,130358645,Munich
tt0408338,7690,0,7690,With All Deliberate Speed
tt0408345,48751189,34000000,82751189,Firewall
tt0408524,32868349,1384498,34252847,Bad News Bears
tt0408664,684118,1581146,2265264,Nobody Knows
tt0408777,175493,7977366,8152859,The Edukators
tt0408790,89707299,133680000,223387299,Flightplan
tt0408839,36787257,90979393,127766650,The Heartbreak Kid
tt0408961,537667,0,537667,Kids in America
tt0408985,38399961,4943286,43343247,Last Holiday
tt0409034,349132,55738,404870,Marilyn Hotchkiss' Ballroom Dancing & Charm School
tt0409182,60674817,121000000,181674817,Poseidon
tt0409184,326095,23401206,23727301,Russian Dolls
tt0409301,33060,0,33060,Falling for Grace
tt0409345,27349,1088144,1115493,Surveillance
tt0409379,444179,208049,652228,In Secret
tt0409459,107509799,77749184,185258983,Watchmen
tt0409673,1150414,0,1150414,Les aimants
tt0409838,72810,0,72810,Come Away Home
tt0409847,100240551,74581774,174822325,Cowboys & Aliens
tt0409904,450897,4055820,4506717,Day Watch
tt0409947,108151,54566,162717,Face
tt0410097,22202809,1360918,23563727,Hustle & Flow
tt0410297,52330111,62500000,114830111,The Lake House
tt0410377,48006762,52069580,100076342,Nim's Island
tt0410400,191033,826224,1017257,On a Clear Day
tt0410403,150000,0,150000,Only the Brave
tt0410407,20389,0,20389,Orwell Rolls in His Grave
tt0410410,973,0,973,Looking for Cheyenne
tt0410454,3347647,0,3347647,The Work and the Glory
tt0410549,24038,0,24038,When the Sea Rises
tt0410730,11408,0,11408,Taxidermia
tt0410764,66453,500158,566611,Tideland
tt0410818,40576,0,40576,Tying the Knot
tt0411061,17213467,15379918,32593385,88 Minutes
tt0411195,828699,3113555,3942254,Breakfast on Pluto
tt0411270,1023424,9964973,10988397,The Beat That My Heart Skipped
tt0411272,275387,16763,292150,Mesrine Part 2: Public Enemy #1
tt0411323,22282,0,22282,Downloading Nancy
tt0411475,213608,176520,390128,Hell Ride
tt0411477,75986503,84401560,160388063,Hellboy II: The Golden Army
tt0411545,39895,0,39895,Justice
tt0411674,209618,1578707,1788325,Mondovino
tt0411702,72888,62423,135311,The Ninth Day
tt0411705,66853,1507770,1574623,9 Songs
tt0411883,21515,0,21515,Slutty Summer
tt0412019,13744960,32975531,46720491,Broken Flowers
tt0412042,3375,1334761,1338136,The Rider Named Death
tt0412080,5128124,13169566,18297690,The World's Fastest Indian
tt0412308,100184,0,100184,Being Cyrus
tt0412536,6432256,7018930,13451186,Brideshead Revisited
tt0412637,86460,573129,659589,Delirious
tt0412796,442936,26571,469507,When the Road Bends... Tales of a Gypsy Caravan
tt0412808,7006,8279,15285,The Hawk Is Dying
tt0412919,26073,0,26073,"Lipstick & Dynamite, Piss & Vinegar: The First Ladies of Wrestling"
tt0412922,385373,732547,1117920,Little Manhattan
tt0413015,11036366,16840051,27876417,Mrs Henderson Presents
tt0413018,14541,42325,56866,Wall
tt0413099,100462298,72956483,173418781,Evan Almighty
tt0413267,322719944,481718197,804438141,Shrek the Third
tt0413300,336530303,554341323,890871626,Spider-Man 3
tt0413466,221574,412500,634074,Wassup Rockers
tt0413895,82985708,61891924,144877632,Charlotte's Web
tt0414055,16383509,57854054,74237563,Elizabeth: The Golden Age
tt0414201,5724,0,5724,Klezmer on Fish Street
tt0414344,74655,0,74655,The War Within
tt0414387,38405088,81786680,120191768,Pride & Prejudice
tt0414426,11864,0,11864,Quid Pro Quo
tt0414513,16791,0,16791,7 dï¿½ï
tt0414713,51251,0,51251,Amu
tt0414834,235075,252818,487893,Asa Nu Maan Watna Da: In Search of Our Roots
tt0414852,1200216,8383915,9584131,District B13
tt0414853,72637803,43839084,116476887,Barnyard
tt0414951,381420,0,381420,The Quiet
tt0414982,54098051,63621107,117719158,Final Destination 3
tt0414993,10144010,5834412,15978422,The Fountain
tt0415046,2254,3486,5740,The Overture
tt0415234,97848,0,97848,Red Doors
tt0415306,148213377,14752800,162966177,Talladega Nights: The Ballad of Ricky Bobby
tt0415607,25752,25747,51499,The Willow Tree
tt0415833,40758,0,40758,Hate Crime
tt0415856,131961,0,131961,Hounddog
tt0415908,345091,364686,709777,Kaal
tt0415932,81698,711906,793604,Lemming
tt0415949,4339241,70132,4409373,Keeping Up with the Steins
tt0415965,7500310,1851434,9351744,Martian Child
tt0415978,3885134,4127704,8012838,Me and You and Everyone We Know
tt0416044,5705761,20821749,26527510,Mongol: The Rise of Genghis Khan
tt0416185,3172573,70491,3243064,Resurrecting the Champ
tt0416212,37770162,2177160,39947322,The Secret Life of Bees
tt0416220,34424,104715,139139,Kamikaze Girls
tt0416236,71195053,91644614,162839667,The Spiderwick Chronicles
tt0416315,16188180,14574468,30762648,Wolf Creek
tt0416320,23151529,62154845,85306374,Match Point
tt0416331,87490,8306625,8394115,Go for Zucker
tt0416449,210614939,245453242,456068181,300
tt0416471,24098,10040,34138,American Gun
tt0416508,18670946,18640726,37311672,Becoming Jane
tt0416675,30591,38788,69379,Dark Matter
tt0416773,11523,0,11523,Girl Play
tt0416825,122011,0,122011,Howard Zinn: You Can't Be Neutral on a Moving Train
tt0416887,53609,0,53609,Kalamazoo?
tt0416991,215646,218907,434553,Moolaadï¿
tt0417001,43894863,14336657,58231520,Must Love Dogs
tt0417096,5228,0,5228,Room
tt0417148,34020814,28001200,62022014,Snakes on a Plane
tt0417182,65827,0,65827,The Talent Given Us
tt0417189,117686,2775776,2893462,Time to Leave
tt0417217,22991379,7535130,30526509,Two for the Money
tt0417225,12571185,71842,12643027,Idlewild
tt0417385,96464,22731,119195,12 and Holding
tt0417415,8968684,3801953,12770637,Aliens of the Deep
tt0417433,17127992,369000,17496992,Annapolis
tt0417614,6383,0,6383,Dreamland
tt0417658,808221,1899866,2708087,Factotum
tt0417741,301959197,632000000,933959197,Harry Potter and the Half-Blood Prince
tt0417745,1650,0,1650,Headspace
tt0417791,23844,1202733,1226577,Rory O'Shea Was Here
tt0417871,97656,487335,584991,Klimt
tt0417976,669625,30256068,30925693,The Promise
tt0418038,461572,0,461572,Outfoxed: Rupert Murdoch's War on Journalism
tt0418129,8454,0,8454,Salvador Allende
tt0418206,1990,0,1990,The Surfer King
tt0418279,319246193,390463587,709709780,Transformers
tt0418362,915728,1082368,1998096,Mujhse Shaadi Karogi
tt0418455,1305,2420272,2421577,Adam's Apples
tt0418460,91998,348686,440684,Aitraaz
tt0418484,24381,38295,62676,A Year Without Love
tt0418647,32751093,5990639,38741732,Dreamer: Inspired by a True Story
tt0418689,33602376,32297873,65900249,Flags of Our Fathers
tt0418753,691880,17952,709832,Inside Deep Throat
tt0418763,62658220,34231778,96889998,Jarhead
tt0418773,2678691,720537,3399228,Junebug
tt0418819,20700082,26070520,46770602,Land of the Dead
tt0419081,4012,0,4012,Psychopathia Sexualis
tt0419146,4164,140971,145135,A Soap
tt0419198,10167,25449856,25460023,The Tiger and the Snow
tt0419256,234750,2611398,2846148,Wah-Wah
tt0419294,5027684,4017680,9045364,Three Burials
tt0419434,279665,96392,376057,American Hardcore
tt0419491,209654,0,209654,Believe in Me
tt0419663,17986,0,17986,Cruel World
tt0419677,6408,5369,11777,Dead Man's Shoes
tt0419706,28212337,27774984,55987321,Doom
tt0419749,1173643,1462994,2636637,Find Me Guilty
tt0419766,151702,0,151702,Garï¿½ï¿½ï¿½ï¿½
tt0419815,166620,0,166620,Holly
tt0419843,11052958,6509113,17562071,In the Land of Women
tt0419887,15800078,58834747,74634825,The Kite Runner
tt0419946,18844784,3319877,22164661,The Marine
tt0419984,25799486,7822365,33621851,Mr. Woodcock
tt0420015,478830,1112693,1591523,Nine Lives
tt0420087,20342852,5635590,25978442,A Prairie Home Companion
tt0420090,15811,9579886,9595697,Private
tt0420206,95204,1989962,2085166,Summer Storm
tt0420223,40660952,12992272,53653224,Stranger Than Fiction
tt0420238,50877145,36070820,86947965,The Tale of Despereaux
tt0420251,77532,7444,84976,Three... Extremes
tt0420260,129783,426485,556268,Tony Takitani
tt0420286,238924,0,238924,Uncovered: The War on Iraq
tt0420291,33256,361134,394390,Keane
tt0420293,660561,2553,663114,The Stanford Prison Experiment
tt0420294,39517763,12246643,51764406,The Texas Chainsaw Massacre: The Beginning
tt0420304,327615,1720973,2048588,Viruddh... Family Comes First
tt0420332,2938532,3948689,6887221,Veer-Zaara
tt0420356,13931,0,13931,Up for Grabs
tt0420509,58804,1727177,1785981,The Aura
tt0420548,19791,1392962,1412753,Bombï¿½ï¿½ï¿½ï¿½ï
tt0420550,12781,0,12781,Christmas at Maxwell's
tt0420609,1151330,1462387,2613717,Infamous
tt0420627,15427,0,15427,Formula 17
tt0420723,381225,58426,439651,Short Cut to Nirvana: Kumbh Mela
tt0420835,14443,126223,140666,Opal Dream
tt0420901,108281,450307,558588,Beyond the Gates
tt0420941,7668,0,7668,El sueï¿½ï¿½ï¿½ï¿½ï¿½
tt0420952,39075,3833,42908,Tell Them Who You Are
tt0421054,10169202,12775300,22944502,Domino
tt0421073,26418667,39154220,65572887,Street Kings
tt0421082,872252,7287256,8159508,Control
tt0421090,7763,0,7763,Zerophilia
tt0421119,7279,0,7279,Casting About
tt0421206,38432823,3048028,41480851,Gridiron Gang
tt0421229,1720953,2198322,3919275,Mrs. Palfrey at the Claremont
tt0421237,50090,0,50090,Royal Kill
tt0421238,1903434,3145259,5048693,The Proposition
tt0421239,57891803,37685971,95577774,Red Eye
tt0421250,1967,0,1967,Steal Me
tt0421528,6635,10997,17632,20 Centimeters
tt0421715,127509326,206422757,333932083,The Curious Case of Benjamin Button
tt0421729,70165972,68093090,138259062,Big Momma's House 2
tt0421994,672243,1963062,2635305,Imagine Me & You
tt0422029,14189,0,14189,Crutch
tt0422091,245756,7066453,7312209,Dhoom
tt0422093,50633099,19104,50652203,Diary of a Mad Black Woman
tt0422236,98297,83568,181865,Fida
tt0422249,87264,0,87264,First Morning
tt0422295,223202,2082639,2305841,Fur: An Imaginary Portrait of Diane Arbus
tt0422401,175281,33269,208550,Hatchet
tt0422491,40853,0,40853,The Intruder
tt0422528,1324339,9460,1333799,Sarah Silverman: Jesus Is Magic
tt0422720,15962471,44954718,60917189,Marie Antoinette
tt0422774,49662533,8725535,58388068,Are We Done Yet?
tt0422783,154087,33494,187581,Music Within
tt0422861,418689,229494,648183,The Oh in Ohio
tt0422950,91968,74516,166484,Phir Milenge
tt0423169,199176,423630,622806,Sherrybaby
tt0423176,64123,167260,231383,The World
tt0423294,58867694,90176777,149044471,Surf's Up
tt0423310,380505,1142462,1522967,The Syrian Bride
tt0423325,479,0,479,Tasuma
tt0423409,1253413,2678569,3931982,Tristram Shandy: A Cock and Bull Story
tt0423853,129988,0,129988,Be Here to Love Me: A Film About Townes Van Zandt
tt0423866,241914,2723401,2965315,3-Iron
tt0423977,3951699,1303287,5254986,Charlie Bartlett
tt0424024,203746,2776095,2979841,Darwin's Nightmare
tt0424025,120750,0,120750,David & Layla
tt0424095,64665672,113454338,178120010,Flushed Away
tt0424129,607844,0,607844,Gunner Palace
tt0424136,1024640,5997569,7022209,Hard Candy
tt0424189,4683,0,4683,Isn't This a Time! A Tribute Concert for Harold Leventhal
tt0424205,1054361,16654794,17709155,Joyeux Noel
tt0424227,258578,816975,1075553,Turtles Can Fly
tt0424237,121365,416506,537871,Lila Says
tt0424272,19317,0,19317,Melancholian 3 huonetta
tt0424273,7129,49680,56809,Electric Shadows
tt0424287,153122,0,153122,The Mostly Unfabulous Social Life of Ethan Green
tt0424345,24148068,2836907,26984975,Clerks II
tt0424359,96592,0,96592,A Poem Is a Naked Person
tt0424435,68249,0,68249,Shake Hands with the Devil: The Journey of Romï¿½ï¿½ï¿½ï¿½
tt0424509,176801,0,176801,Touch the Sound: A Sound Journey with Evelyn Glennie
tt0424565,3058527,160182,3218709,The Wild Parrots of Telegraph Hill
tt0424584,11728,0,11728,Writer of O
tt0424774,39177684,30248282,69425966,The Adventures of Sharkboy and Lavagirl 3-D
tt0424789,7404,2804,10208,Allegro
tt0424823,32886940,8211124,41098064,Balls of Fury
tt0424880,45128,2059968,2105096,Candy
tt0424885,93000,0,93000,Celsius 41.11: The Temperature at Which the Brain... Begins to Die
tt0424908,384029,5807717,6191746,Copying Beethoven
tt0424942,46405110,51724331,98129441,Deep Sea
tt0424993,28444855,9924054,38368909,Employee of the Month
tt0425055,129664,0,129664,Game 6
tt0425061,130319208,100366245,230685453,Get Smart
tt0425112,23637265,56940000,80577265,Hot Fuzz
tt0425123,48318130,54536301,102854431,Just Like Heaven
tt0425210,22495466,33813415,56308881,Lucky Number Slevin
tt0425253,49034,53642,102676,Mini's First Time
tt0425274,141504,0,141504,Music from the Inside Out
tt0425308,16513,421,16934,Noise
tt0425326,163561,539481,703042,Outsourced
tt0425413,6003262,27460260,33463522,"Run, Fat Boy, Run"
tt0425430,35374833,19635826,55010659,The Messengers
tt0425558,4759,0,4759,Tre
tt0425598,11718595,333329,12051924,Dave Chappelle's Block Party
tt0425600,7129,0,7129,"Sorry, Haters"
tt0425601,3860678,7889,3868567,Trailer Park Boys: The Movie
tt0425637,627047,127187562,127814609,Red Cliff
tt0426155,1400666,164350,1565016,Ushpizin
tt0426459,56131,632723,688854,Feast
tt0426578,680331,10123984,10804315,Sophie Scholl: The Final Days
tt0426592,25881068,45358118,71239186,Superhero Movie
tt0426596,30380,0,30380,The Take
tt0426615,10223896,0,10223896,In the Mix
tt0426627,38922,135836,174758,Stoned
tt0426883,15309602,16835513,32145115,Alpha Dog
tt0426931,31664162,34457864,66122026,August Rush
tt0427089,228498,4580127,4808625,Confetti
tt0427152,73026337,13829402,86855739,Dinner for Schmucks
tt0427229,88715192,39687709,128402901,Failure to Launch
tt0427276,81280,0,81280,The Future of Food
tt0427309,30236407,0,30236407,The Great Debaters
tt0427312,3178403,882902,4061305,Grizzly Man
tt0427327,118871849,83676726,202548575,Hairspray
tt0427380,110577,0,110577,In the Face of Evil: Reagan's War in Word and Deed
tt0427392,15074191,25096367,40170558,The Invasion
tt0427470,4600585,770596,5371181,The Lookout
tt0427557,1430,0,1430,Monumental: David Brower's Fight for Wild America
tt0427582,7017,3463634,3470651,The Method
tt0427906,1000,55733,56733,Eleven Men Out
tt0427944,24793509,14529518,39323027,Thank You for Smoking
tt0427954,12044087,15121494,27165581,The Protector
tt0427968,1530535,5822583,7353118,Trust the Man
tt0427969,14426251,2374187,16800438,Hollywoodland
tt0427998,115879,0,115879,The Grand
tt0428003,1291951,398978,1690929,El vacilï¿½ï¿½ï¿½ï¿½ï¿
tt0428038,1706325,68606,1774931,Sweet Land
tt0428196,3195,0,3195,95 Miles to Go
tt0428251,881779,0,881779,Venom
tt0428287,3935,0,3935,"C'est pas moi, c'est l'autre"
tt0428303,70071,0,70071,Cavite
tt0428430,141039,2306172,2447211,Cï¿½ï¿½ï¿½ï¿
tt0428518,728921,13155,742076,Fade to Black
tt0428609,227241,0,227241,Guiana 1838
tt0428649,115694,5096,120790,I Am a Sex Addict
tt0428672,3025,0,3025,Unveiled
tt0428803,77437223,49955470,127392693,March of the Penguins
tt0428856,244771,2800000,3044771,La moustache
tt0428959,4930,0,4930,"Peace, Propaganda & the Promised Land"
tt0428965,53580,378043,431623,Little Jerusalem
tt0429068,463542,0,463542,The Second Chance
tt0429115,10497,0,10497,Splinter
tt0429173,2010,0,2010,The Tenants
tt0429177,816403,6934,823337,The Thing About My Folks
tt0429277,30,0,30,Zyzzyx Rd
tt0429482,4800,0,4800,50 Ways of Saying Fabulous
tt0429493,77222099,100016697,177238796,The A-Team
tt0429573,16298046,13314091,29612137,An American Haunting
tt0429589,28142535,27038594,55181129,The Ant Bully
tt0429591,18597342,4381611,22978953,Aquamarine
tt0430063,10178,6266,16444,Ethan Mao
tt0430105,74494381,17880293,92374674,Four Brothers
tt0430289,18807,0,18807,A League of Ordinary Gentlemen
tt0430304,58645052,42950069,101595121,Little Man
tt0430308,30985352,15455272,46440624,Get Rich or Die Tryin'
tt0430357,63450470,100344039,163794509,Miami Vice
tt0430431,13395961,332489,13728450,One Night with the King
tt0430576,20678,6389380,6410058,The Secret Life of Words
tt0430589,223137,4200000,4423137,Shaadi Karke Phas Gaya Yaar
tt0430634,26910736,5066112,31976848,Stick It
tt0430745,57999,0,57999,Voices of Iraq
tt0430768,9946,9405,19351,Wild Tigers I Have Known
tt0430770,26902075,23105471,50007546,The Women
tt0430779,14523101,2104087,16627188,Everyone's Hero
tt0430912,5971336,32658142,38629478,Basic Instinct 2
tt0430916,56386,7678,64064,Beautiful Losers
tt0430918,3770,0,3770,Berkeley
tt0430922,67294270,25086657,92380927,Role Models
tt0431021,49130154,36315921,85446075,The Possession
tt0431091,3917,0,3917,Going Under
tt0431124,171255,0,171255,Hollywood Dreams
tt0431155,783,0,783,Issues
tt0431197,47536778,39121780,86658558,The Kingdom
tt0431213,652163,5790691,6442854,Lassie
tt0431308,53695808,103139531,156835339,P.S. I Love You
tt0431461,11455,0,11455,Waltzing Anna
tt0431468,1884,0,1884,With God on Our Side: George W. Bush and the Rise of the Religious Right in America
tt0431827,23442,132436,155878,Il ne faut jurer... de rien!
tt0431979,216724,3767541,3984265,Le petit lieutenant
tt0432021,50648679,97069154,147717833,Resident Evil: Extinction
tt0432260,45082,39343,84425,Brothers of the Head
tt0432264,379408,1623896,2003304,Introducing the Dwights
tt0432283,21002919,25468104,46471023,Fantastic Mr. Fox
tt0432289,214864,167403,382267,First Snow
tt0432290,123301,0,123301,Flannel Pajamas
tt0432291,29550869,16650563,46201432,The Fog
tt0432318,13836,0,13836,Live Free or Die
tt0432325,141803,3275708,3417511,The Cave of the Yellow Dog
tt0432337,10337,0,10337,...So Goes the Nation
tt0432348,87039965,60708540,147748505,Saw II
tt0432361,3685,0,3685,"Still, the Children Are Here"
tt0432402,1675241,1897391,3572632,Factory Girl
tt0432637,1430721,16608964,18039685,Krrish
tt0433035,85468508,213800000,299268508,Real Steel
tt0433116,888975,13337,902312,Looking for Comedy in the Muslim World
tt0433350,220409,42791,263200,Boy Culture
tt0433362,30101577,21314887,51416464,Daybreakers
tt0433383,31558003,23083188,54641191,"Good Night, and Good Luck."
tt0433386,39143839,31567336,70711175,The Grudge 2
tt0433387,3337931,2629107,5967038,Harsh Times
tt0433398,641039,7444,648483,Journey from the Fall
tt0433400,32619671,18292763,50912434,Just Friends
tt0433405,5244,9936,15180,Land of the Blind
tt0433412,11449638,5458087,16907725,Material Girls
tt0433416,13569248,6569588,20138836,The Namesake
tt0433442,7749851,4242163,11992014,The Return
tt0433635,6470,0,6470,Santa santita
tt0434124,1822428,8127705,9950133,Kinky Boots
tt0434139,11614790,4237611,15852401,The Last Kiss
tt0434179,13983,93276,107259,Marebito
tt0434215,21000147,893444,21893591,Flicka
tt0434292,29472,8416713,8446185,Princesas
tt0434304,140417,3104650,3245067,Queens
tt0434409,70511035,62000000,132511035,V for Vendetta
tt0434424,1069318,13466,1082784,Undiscovered
tt0434541,9613,4257,13870,Macbeth
tt0435479,332829,2442482,2775311,Gabrielle
tt0435623,379418,594107,973525,Conversations with Other Women
tt0435625,26024456,31026597,57051053,The Descent
tt0435645,1393,0,1393,Four Lane Highway
tt0435651,45090374,21890082,66980456,The Giver
tt0435670,20578909,6231204,26810113,The Invisible
tt0435691,9064,0,9064,Living Life
tt0435705,18211013,59210177,77421190,Next
tt0435706,9936,0,9936,Nina's Heavenly Delights
tt0435761,415004880,651964823,1066969703,Toy Story 3
tt0436039,114264,0,114264,After Innocence
tt0436078,6377461,431628,6809089,The Aristocrats
tt0436091,12663,27844,40507,Backstage
tt0436095,815848,515515,1331363,Ballets Russes
tt0436231,334450,96532,430982,The Devil and Daniel Johnston
tt0436295,4630,0,4630,The Fall of Fujimori
tt0436331,13368437,4876807,18245244,Friends with Money
tt0436339,119436770,173381071,292817841,G-Force
tt0436364,27276,1521975,1549251,Good
tt0436595,10407978,570998,10978976,Roving Mars
tt0436607,51540,0,51540,The Motel
tt0436613,1531154,219057,1750211,Murderball
tt0436629,219672,17464,237136,New York Doll
tt0436686,178875,0,178875,Protocols of Zion
tt0436689,194523,731,195254,The Puffy Chair
tt0436697,56441711,66942417,123384128,The Queen
tt0436724,3336391,1189833,4526224,Rize
tt0436727,64310,0,64310,Rock School
tt0436728,29460,0,29460,Romï¿½ï¿½ï
tt0436742,139084,0,139084,The Salon
tt0436854,158741,1007603,1166344,Tulpan
tt0436857,8129,0,8129,Twist of Faith
tt0436864,126836,4420,131256,Unknown White Male
tt0436971,1439972,0,1439972,Why We Fight
tt0436978,21244,0,21244,Yang Ban Xi: The 8 Modelworks
tt0437086,85710210,319142333,404852543,Alita: Battle Angel
tt0437123,20944,0,20944,The Case of the Grinning Cat
tt0437179,15032800,3531667,18564467,See No Evil
tt0437232,4299773,1410463,5710236,Catch a Fire
tt0437405,13514,0,13514,Paper Man
tt0437407,802758,755260,1558018,Parineeta
tt0437447,252325,3500000,3752325,Riding Alone for Thousands of Miles
tt0437526,785671,1045906,1831577,The Last Mistress
tt0437777,11468568,15005,11483573,Something New
tt0437800,18848430,99995,18948425,Akeelah and the Bee
tt0437857,69136,0,69136,Behind the Mask: The Rise of Leslie Vernon
tt0437863,59843754,5113537,64957291,The Benchwarmers
tt0438097,195330621,465610159,660940780,Ice Age: The Meltdown
tt0438205,8117961,961081,9079042,Mad Hot Ballroom
tt0438315,3960414,733026,4693440,Peaceful Warrior
tt0438327,53471,0,53471,Plagues and Pleasures on the Salton Sea
tt0438427,2216,0,2216,Side Effects
tt0438486,6404,0,6404,Ten 'til Noon
tt0438488,125322469,246030532,371353001,Terminator Salvation
tt0439130,225448,0,225448,The Beauty Academy of Kabul
tt0439179,11204,0,11204,Fat Girls
tt0439182,3135,0,3135,Four Eyed Monsters
tt0439289,7022827,437970,7460797,Running with Scissors
tt0439467,2248,0,2248,The Big Question
tt0439478,3127472,222643,3350115,Boynton Beach Club
tt0439544,274245,0,274245,Dirty
tt0439662,2105352,20070556,22175908,Fanaa
tt0439707,409604,0,409604,Mobsters and Mormons
tt0439774,65429,38285,103714,The Real Dirt on Farmer John
tt0439815,7802450,5032486,12834936,Slither
tt0439817,77303,0,77303,The Sun
tt0439833,10227,0,10227,Steel City
tt0439876,18901,0,18901,What Love Is
tt0440963,227471070,215353068,442824138,The Bourne Ultimatum
tt0440978,8872,0,8872,Strike
tt0441001,14289,0,14289,The Devil's Miner
tt0441007,2956339,870229,3826568,Gracie
tt0441048,2643586,29752841,32396427,Dhoom 2
tt0441761,32381,378011,410392,Free Zone
tt0441773,215434591,416309969,631744560,Kung Fu Panda
tt0441774,188565,2332270,2520835,Lonely Hearts
tt0441796,23086480,4018615,27105095,Stay Alive
tt0441909,12899867,72685310,85585177,Volver
tt0442286,38147,8005634,8043781,The Hidden Blade
tt0442764,129319,0,129319,Dil Jo Bhi Kahey...
tt0442933,82280579,114113166,196393745,Beowulf
tt0443272,182207973,93085477,275293450,Lincoln
tt0443274,72266306,78895185,151161491,Vantage Point
tt0443295,53412862,18615890,72028752,"Yours, Mine & Ours"
tt0443431,654132,91195,745327,Another Gay Movie
tt0443446,29015,5894400,5923415,Don't Tell
tt0443448,234480,2489823,2724303,O Jerusalem
tt0443453,128505958,133066786,261572744,Borat: Cultural Learnings of America for Make Benefit Glorious Nation of Kazakhstan
tt0443455,263200,17891,281091,Brand Upon the Brain! A Remembrance in 12 Chapters
tt0443456,930469,8044360,8974829,Breaking and Entering
tt0443465,37151,425724,462875,Before We Go
tt0443473,7371706,1271152,8642858,The Condemned
tt0443489,103365956,51571724,154937680,Dreamgirls
tt0443496,131719,111805,243524,Edmond
tt0443506,17341,0,17341,Film Geek
tt0443524,27052,0,27052,Guest of Cindy Sherman
tt0443536,61530390,65443745,126974135,Hoodwinked!
tt0443543,39868642,48023746,87892388,The Illusionist
tt0443559,18643,2942350,2960993,Killshot
tt0443564,4558,0,4558,Laura Smiles
tt0443632,36280697,41639649,77920346,The Sentinel
tt0443649,94784201,175000000,269784201,"10,000 BC"
tt0443680,3909149,11092627,15001776,The Assassination of Jesse James by the Coward Robert Ford
tt0443691,20702,0,20702,Voices in Wartime
tt0443698,44435,0,44435,William Eggleston in the Real World
tt0443701,20982478,47386956,68369434,The X Files: I Want to Believe
tt0443706,33080084,51705830,84785914,Zodiac
tt0444112,2044858,15529978,17574836,Avenue Montaigne
tt0444182,320700,22643001,22963701,Days of Glory
tt0444608,323860,0,323860,The Boys of Baraka
tt0444628,126714,66353,193067,Fay Grim
tt0444653,1619466,16956302,18575768,Keeping Mum
tt0444672,42538,0,42538,Moving McAllister
tt0444682,25126214,37644845,62771059,The Reaping
tt0444698,4255,0,4255,This Divided State
tt0444781,364357,331492,695849,Deewane Huye Paagal
tt0444840,250083,899334,1149417,Humko Deewana Kar Gaye
tt0445161,20523,0,20523,4
tt0445336,21438,1819461,1840899,"You, the Living"
tt0445396,9724,0,9724,The President's Last Bang
tt0445620,1457843,2122059,3579902,Paradise Now
tt0445922,24602291,5023470,29625761,Across the Universe
tt0445934,118594548,27114094,145708642,Blades of Glory
tt0445953,69705,526849,596554,Disgrace
tt0445990,57806952,673876,58480828,Invincible
tt0446012,10629,0,10629,One More Round
tt0446013,10232081,20590780,30822861,Pathfinder
tt0446029,31524275,16140284,47664559,Scott Pilgrim vs. the World
tt0446046,34742066,31000463,65742529,Take the Lead
tt0446055,1217,0,1217,The Trials of Darryl Hunt
tt0446059,24633730,43439118,68072848,Fearless
tt0446298,95953,6117,102070,Civic Duty
tt0446345,20013,0,20013,The Ground Truth
tt0446676,61626,17105,78731,Deal
tt0446685,234743,16266,251009,Drawing Restraint 9
tt0446687,239962,990633,1230595,Driving Lessons
tt0446747,103509,17783,121292,Mutual Appreciation
tt0446752,14273,472449,486722,Full of It
tt0446755,8060487,18462351,26522838,The Painted Veil
tt0446784,439309,395698,835007,American Masters: Sketches of Frank Gehry
tt0447016,23728,0,23728,Emmanuel's Gift
tt0447480,7216,0,7216,Tall: The American Skyscraper and Louis Sullivan
tt0448011,79957634,103453214,183410848,Knowing
tt0448022,10152,0,10152,A Bird of the Air
tt0448075,7836393,2803293,10639686,The Night Listener
tt0448115,140371656,224200000,364571656,Shazam!
tt0448124,26651,1355014,1381665,Snow Cake
tt0448134,3675753,28342050,32017803,Sunshine
tt0448157,227946274,396440497,624386771,Hancock
tt0448166,47986,0,47986,Two Weeks
tt0448206,942756,2427386,3370142,Bunty Aur Babli
tt0448265,99819,0,99819,Yves Saint Laurent: His Life and Times
tt0448435,7925,0,7925,A Decent Factory
tt0448694,149260504,405726973,554987477,Puss in Boots
tt0448978,28195,2135,30330,39 Pounds of Love
tt0449010,75030163,174457952,249488115,Eragon
tt0449018,1159691,0,1159691,The Final Season
tt0449059,59891098,40632083,100523181,Little Miss Sunshine
tt0449061,20361,0,20361,London
tt0449086,251495,0,251495,Dominion: Prequel to the Exorcist
tt0449088,309420425,651576067,960996492,Pirates of the Caribbean: At World's End
tt0449089,71726025,15802148,87528173,RV
tt0449121,7506,0,7506,loudQUIETloud: A Film About the Pixies
tt0449303,19300,0,19300,Beauty in Trouble
tt0449306,453507,438282,891789,Lucky: No Time for Love
tt0449389,336772,165617,502389,Shaadi No. 1
tt0449467,34302837,101027345,135330182,Babel
tt0449487,292437,5494715,5787152,Passengers
tt0449851,1926800,27487753,29414553,The Valet
tt0449994,3440718,23449636,26890354,Jodhaa Akbar
tt0449999,3275444,21953724,25229168,Kabhi Alvida Naa Kehna
tt0450188,10301706,75973087,86274793,La Vie En Rose
tt0450232,36895141,28769580,65664721,16 Blocks
tt0450259,57377916,114342482,171720398,Blood Diamond
tt0450278,47326473,33252461,80578934,Hostel
tt0450314,8050977,2052346,10103323,Punisher: War Zone
tt0450334,55398,0,55398,That Man: Peter Berlin
tt0450340,26403,3311825,3338228,Unknown
tt0450345,23649127,15107151,38756278,The Wicker Man
tt0450385,71985628,60047755,132033383,1408
tt0450405,13869515,25362598,39232113,Cirque du Freak: The Vampire's Assistant
tt0450450,555436,1428230,1983666,The Italian
tt0450470,24452,0,24452,Two Drifters
tt0450680,22788,379464,402252,Flanders
tt0451021,549,0,549,The Comedians of Comedy
tt0451069,15778152,0,15778152,The Gospel
tt0451079,154529439,142608575,297138014,Horton Hears a Who!
tt0451089,393117,0,393117,Jee Aayan Nu
tt0451094,211667,23597837,23809504,Lady Vengeance
tt0451135,65797,84690,150487,My Brother
tt0451176,1692693,830094,2522787,Quinceaï¿½ï¿
tt0451221,22251,38871,61122,The Elephant King
tt0451279,412563408,409283604,821847012,Wonder Woman
tt0451631,44133,0,44133,Apaharan
tt0451833,678000,519530,1197530,No Entry
tt0451850,1409499,1006476,2415975,Paheli
tt0451966,65298,1120949,1186247,The Violin
tt0452039,36613,0,36613,Mind Game
tt0452594,118703275,86259809,204963084,The Break-Up
tt0452598,82571173,46610657,129181830,Cheaper by the Dozen 2
tt0452604,4438,0,4438,Cowboy del Amor
tt0452608,36316032,39361483,75677515,Death Race
tt0452618,8043,0,8043,Fall to Grace
tt0452623,20292962,14319481,34612443,Gone Baby Gone
tt0452624,1308696,4606212,5914908,The Good German
tt0452625,35017297,24174831,59192128,Good Luck Chuck
tt0452637,42285169,30500000,72785169,Lady in the Water
tt0452659,8018,0,8018,Occupation: Dreamland
tt0452660,13334,0,13334,One Last Thing...
tt0452671,5468,0,5468,Race You to the Bottom
tt0452681,84500122,26268000,110768122,The Santa Clause 3: The Escape Clause
tt0452694,63414846,37929566,101344412,The Time Traveler's Wife
tt0452701,44999,0,44999,Undoing
tt0452702,19363565,15937080,35300645,Vacancy
tt0452711,47219,0,47219,Never Been Thawed
tt0452971,6646,1233323,1239969,Dark Blue Almost Black
tt0453047,189024,2796813,2985837,Elsa & Fred
tt0453451,33302167,196434177,229736344,Mr. Bean's Holiday
tt0453453,472185,0,472185,Beer League
tt0453467,64038616,116518934,180557550,Deja Vu
tt0453494,8117637,107361,8224998,Hoot
tt0453508,20684,0,20684,The Last Dispatch
tt0453548,402858,11546,414404,Snow Angels
tt0453556,54149098,41459897,95608995,TMNT
tt0453562,95020213,2450488,97470701,42
tt0453671,1007943,1083755,2091698,Garam Masala
tt0454082,16273581,5237270,21510851,Black Christmas
tt0454084,90560,743897,834457,Blind Dating
tt0454431,49000,0,49000,Chocolate: Deep Dark Secrets
tt0454776,21250683,10869677,32120360,Amazing Grace
tt0454792,145626,115299,260925,Bubble
tt0454824,13090630,4744235,17834865,Flyboys
tt0454841,41778863,27844850,69623713,The Hills Have Eyes
tt0454848,88513495,95862759,184376254,Inside Man
tt0454864,33190,64332,97522,The Last Winter
tt0454876,124987023,484029542,609016565,Life of Pi
tt0454919,20264436,9643249,29907685,Pulse
tt0454921,163566459,143510836,307077295,The Pursuit of Happyness
tt0454931,9600,251277,260877,Requiem
tt0454945,33741133,23453534,57194667,She's the Man
tt0454970,7027762,7663225,14690987,Turistas
tt0454987,4630045,0,4630045,Let's Go to Prison
tt0455323,540152,442972,983124,Being Flynn
tt0455326,5520368,0,5520368,Aqua Teen Hunger Force Colon Movie Film for Theaters
tt0455407,39123589,15683234,54806823,The Crazies
tt0455475,750805,237563,988368,First Descent
tt0455499,28426747,113275517,141702264,Garfield: A Tail of Two Kitties
tt0455538,2778752,16373045,19151797,How to Lose Friends & Alienate People
tt0455581,5194,0,5194,King Leopold's Ghost
tt0455590,17606684,30756832,48363516,The Last King of Scotland
tt0455612,63318000,50939,63368939,Madea's Family Reunion
tt0455760,16809076,5408331,22217407,Dead Silence
tt0455782,969869,6674540,7644409,The Hunting Party
tt0455805,3735717,4697331,8433048,Then She Found Me
tt0455822,68501,3774,72275,Unconscious
tt0455824,49554002,161814782,211368784,Australia
tt0455841,1103037,0,1103037,The Heart Specialist
tt0455857,47860214,19106773,66966987,When a Stranger Calls
tt0455915,6900,0,6900,Black Irish
tt0455944,101530738,90800000,192330738,The Equalizer
tt0455949,19781,0,19781,Favela Rising
tt0455953,249565,0,249565,Gay Sex in the 70s
tt0455957,1000626,8447456,9448082,Goya's Ghosts
tt0455958,128911,690059,818970,The Groomsmen
tt0455960,16472961,8926984,25399945,The Hitcher
tt0455967,41011711,27812839,68824550,John Tucker Must Die
tt0456004,151792,0,151792,ShowBusiness: The Road to Broadway
tt0456012,41468,38864,80332,A State of Mind
tt0456020,21344312,8991,21353303,Waist Deep
tt0456144,2217562,15679965,17897527,"Carry On, Munna Bhai"
tt0456149,80301,136621,216922,The Death of Mr. Lazarescu
tt0456165,1413283,7876656,9289939,Salaam Namaste
tt0456396,651941,4855455,5507396,The Child
tt0456481,650000,1006433,1656433,Jaan-E-Mann: Let's Fall in Love... Again
tt0456521,2779545,460,2780005,"My Daughter, My Angel"
tt0456549,18516,0,18516,Mr Ya Miss
tt0456554,6090172,476105,6566277,Grandma's Boy
tt0456899,130794,89020,219814,Lower City
tt0457302,5474,4579,10053,Choking Man
tt0457303,464991,0,464991,Church Ball
tt0457308,119452,41956,161408,Come Early Morning
tt0457355,548787,708,549495,From Mexico with Love
tt0457400,49438370,19339184,68777554,Land of the Lost
tt0457419,32061555,37413106,69474661,Mr. Magorium's Wonder Emporium
tt0457430,37634615,45623611,83258226,Pan's Labyrinth
tt0457433,23984949,49105662,73090611,Perfect Stranger
tt0457452,18389,0,18389,The Reception
tt0457495,677646,23260224,23937870,Alex Rider: Operation Stormbreaker
tt0457496,4779,0,4779,Street Fight
tt0457499,8860,0,8860,The Swenkas
tt0457502,25752,0,25752,Through the Fire
tt0457510,80197993,19057467,99255460,Nacho Libre
tt0457513,10525717,28689925,39215642,Scoop
tt0457528,16621530,17635605,34257135,Wild Safari - A South African Adventure
tt0457530,2025032,0,2025032,The Work and the Glory II: American Zion
tt0457572,304533,121691,426224,Fido
tt0457655,1534584,10098139,11632723,After the Wedding
tt0457875,213143,60221,273364,Ek Ajnabee
tt0457939,63224849,141910326,205135175,The Holiday
tt0457940,58499,0,58499,Home Delivery: Aapko... Ghar Tak
tt0458072,761740,2316969,3078709,Provoked: A True Story
tt0458227,5383,0,5383,Hatsujï¿½ï¿½ï¿½ï¿½ï¿½ï¿½ï¿½ï¿½ï¿½ï¿½ï¿½
tt0458242,14056,1600962,1615018,Lights in the Dusk
tt0458339,176654505,193915269,370569774,Captain America: The First Avenger
tt0458352,124740460,201810634,326551094,The Devil Wears Prada
tt0458364,3093394,2085246,5178640,The Ex
tt0458367,65018,1978686,2043704,Right at Your Door
tt0458375,47211,0,47211,The Goebbels Experiment
tt0458413,13347,7163000,7176347,A Long Way Down
tt0458425,4337,2113,6450,McLibel
tt0458481,13757804,25649812,39407616,Sin City: A Dame to Kill For
tt0458522,7556712,354820,7911532,El cantante
tt0458525,179883157,193179707,373062864,X-Men Origins: Wolverine
tt0459242,70685,550937,621622,Crossing the Bridge: The Sound of Istanbul
tt0459293,242967,1740939,1983906,"Gandhi, My Father"
tt0459468,13042,653511,666553,My Mexican Shivah
tt0459605,1290212,7412462,8702674,Eklavya: The Royal Guard
tt0459666,151922,329088,481010,Three Times
tt0459880,687414,2512969,3200383,Lady Chatterley
tt0460275,53250,0,53250,Ugly Me
tt0460611,1325092,0,1325092,The Work and the Glory III: A House Divided
tt0460740,25343,2268948,2294291,Cashback
tt0460745,240476,48982,289458,Chaos Theory
tt0460766,271143,456059,727202,Deep Water
tt0460780,4775656,8322259,13097915,In the Name of the King: A Dungeon Siege Tale
tt0460791,2266905,1402560,3669465,The Fall
tt0460792,1005539,1203783,2209322,Fast Food Nation
tt0460810,750587,150102,900689,The Great Buck Howard
tt0460829,861355,3176222,4037577,Inland Empire
tt0460890,624332,1925989,2550321,The Only Living Boy in New York
tt0460892,52453,0,52453,Lost in Love
tt0460925,9458,0,9458,The Sasquatch Gang
tt0460975,224099,0,224099,Unidentified
tt0460989,1836089,21063819,22899908,The Wind that Shakes the Barley
tt0461209,90869,0,90869,Ek Khiladi Ek Haseena
tt0461323,150198,91643,241841,Pyare Mohan
tt0461336,1400726,7929739,9330465,Saving Private Perez
tt0461613,11445,0,11445,Whole New Thing
tt0461703,1018965,2250771,3269736,Skinwalkers
tt0461760,13875,0,13875,Cut Sleeve Boys
tt0461770,127807262,212680390,340487652,Enchanted
tt0461804,71223,48509,119732,Mongolian Ping Pong
tt0461832,1338,0,1338,Return to the Land of Wonders
tt0461892,3013,0,3013,15
tt0461936,2223961,17416168,19640129,Don
tt0461946,19373,0,19373,Everything's Gone Green
tt0461989,406,0,406,The Magician
tt0462023,4283,2230606,2234889,"Romulus, My Father"
tt0462200,9396870,1506976,10903846,Black Snake Moan
tt0462229,8135024,2202453,10337477,Code Name: The Cleaner
tt0462244,13235267,4962131,18197398,Daddy Day Camp
tt0462295,778,0,778,Flakes
tt0462302,279,2701,2980,Intervention
tt0462322,25037897,384191,25422088,Grindhouse
tt0462333,40123,0,40123,Margaret Cho: Assassin
tt0462335,346472,3940104,4286576,High-Rise
tt0462338,7164995,4607466,11772461,The Hoax
tt0462346,13040527,55787,13096314,How to Eat Fried Worms
tt0462395,15680099,0,15680099,Larry the Cable Guy: Health Inspector
tt0462396,5933494,19369544,25303038,The Last Legion
tt0462465,166003,6867680,7033683,Outlander
tt0462477,23192,186758,209950,Pierrepoint: The Last Hangman
tt0462485,13804,8819,22623,Poultrygeist: Night of the Chicken Dead
tt0462499,42754105,70490185,113244290,Rambo
tt0462504,5490423,1686720,7177143,Rescue Dawn
tt0462519,17807569,6140116,23947685,School for Scoundrels
tt0462538,183135014,343936008,527071022,The Simpsons Movie
tt0462579,83354,0,83354,The Treatment
tt0462590,65328121,48866726,114194847,Step Up
tt0462683,7704,2534873,2542577,The Man of My Life
tt0462757,6533,0,6533,The Aggressives
tt0463027,15233,0,15233,Descent
tt0463034,75628110,54803258,130431368,"You, Me and Dupree"
tt0463345,2808241,5683937,8492178,La mujer de mi hermano
tt0463486,80550,8903082,8983632,Comedy of Power
tt0463854,28638916,35599524,64238440,28 Weeks Later
tt0463903,1365,47078,48443,Be with Me
tt0463985,62514415,95953877,158468292,The Fast and the Furious: Tokyo Drift
tt0463998,36605602,6485139,43090741,Freedom Writers
tt0464022,8419,193622,202041,Glastonbury
tt0464029,43460,776710,820170,Esma's Secret - Grbavica
tt0464049,2706659,10695293,13401952,The History Boys
tt0464061,3567,0,3567,I'm Reed Fish
tt0464098,8125,0,8125,Loren Cass
tt0464105,36608,19295,55903,Man Push Cart
tt0464141,7161284,71477703,78638987,The Orphanage
tt0464154,25003155,58185010,83188165,Piranha 3D
tt0464160,334618,608287,942905,Chup Chup Ke
tt0464184,72244,2921088,2993332,Samoan Wedding
tt0464196,137221,5377942,5515163,Severance
tt0464216,2996,0,2996,Stolen Childhoods
tt0464913,303543,22738078,23041621,"OSS 117: Cairo, Nest of Spies"
tt0465142,7191830,9266629,16458459,American Dreamz
tt0465188,1070769,6155251,7226020,Golden Door
tt0465203,50057,2677914,2727971,Them
tt0465234,219964115,237400485,457364600,National Treasure: Book of Secrets
tt0465407,72210,50,72260,Eye of the Dolphin
tt0465436,50715,1124864,1175579,December Boys
tt0465440,7506,0,7506,Disappearances
tt0465494,39687694,60278098,99965792,Hitman
tt0465502,19528602,11218902,30747504,Igor
tt0465538,49033882,43957953,92991835,Michael Clayton
tt0465551,17510118,32242273,49752391,Notes on a Scandal
tt0465580,31811527,17047091,48858618,Push
tt0465600,30353,0,30353,Shanghai Red
tt0465602,12807139,13205133,26012272,Shoot 'Em Up
tt0465624,22530295,38454311,60984606,My Super Ex-Girlfriend
tt0466342,48548426,36247230,84795656,Date Movie
tt0466399,283654,3076376,3360030,Ten Canoes
tt0466403,5420,0,5420,Unnatural & Accidental
tt0466460,26472,13722,40194,Khosla Ka Ghosla!
tt0466665,13737,0,13737,The Architect
tt0466816,60641,2089158,2149799,Hallam Foe
tt0466856,21170563,0,21170563,ATL
tt0466893,46495,518369,564864,Margaret
tt0466909,54607383,64891526,119498909,The Omen
tt0466943,45410,0,45410,Randy and the Mob
tt0467017,68542,1581656,1650198,Talento de barrio
tt0467110,43760605,21509872,65270477,Underdog
tt0467197,40689393,44727512,85416905,Max Payne
tt0467200,26814957,50898909,77713866,The Other Boleyn Girl
tt0467406,143495265,87916319,231411584,Juno
tt0468094,326876,1182112,1508988,The Road to Guantanamo
tt0468442,84689,0,84689,51 Birch Street
tt0468463,11001,0,11001,The Conrad Boys
tt0468489,2697938,1962543,4660481,Half Nelson
tt0468492,2201923,87229967,89431890,The Host
tt0468526,255923,45124,301047,Old Joy
tt0468528,15504,0,15504,One Bright Shining Moment
tt0468548,48896,0,48896,The Situation
tt0468565,2912606,6967365,9879971,Tsotsi
tt0468569,534858444,469700000,1004558444,The Dark Knight
tt0468580,6529,0,6529,We Go Way Back
tt0468777,504,0,504,Canary
tt0469021,153426,9573673,9727099,Alan Partridge
tt0469263,11003643,127246,11130889,The Astronaut Farmer
tt0469494,40222514,35959031,76181545,There Will Be Blood
tt0469589,116944,0,116944,Sir! No Sir!
tt0469623,3287315,5260418,8547733,Things We Lost in the Fire
tt0469641,70278893,92691347,162970240,World Trade Center
tt0469686,21504,3019,24523,Dreaming Lhasa
tt0469754,51548,3059847,3111395,The Boss of It All
tt0469897,66517,0,66517,Diggers
tt0469903,9793406,14718,9808124,The Express
tt0469966,103318,0,103318,Rolling
tt0469976,8064,0,8064,Spinning Into Butter
tt0470679,12636,0,12636,August
tt0470702,5428,0,5428,Fratricide
tt0470705,7025810,1033330,8059140,Bug
tt0470737,26875,0,26875,The Dukes
tt0470752,25442958,11426456,36869414,Ex Machina
tt0470765,5549923,375714,5925637,For Your Consideration
tt0470869,111551,207309,318860,Neal 'N' Nikki
tt0471030,154892,973453,1128345,Red Road
tt0471042,78046570,74884053,152930623,Tower Heist
tt0472033,31749894,16678169,48428063,9
tt0472043,50866635,69787702,120654337,Apocalypto
tt0472050,53760,0,53760,Bart Got a Room
tt0472062,66661095,51814126,118475221,Charlie Wilson's War
tt0472071,5665,8388974,8394639,Death Defying Acts
tt0472113,27177,0,27177,Iron Island
tt0472126,32788,0,32788,Local Color
tt0472160,10011996,11144274,21156270,Penelope
tt0472181,142614158,421135165,563749323,The Smurfs
tt0472186,24216,27505,51721,The Strange Case of Dr. Jekyll and Mr. Hyde
tt0472198,36843682,7528069,44371751,Notorious
tt0472200,119290,0,119290,Valley of the Heart's Delight
tt0472210,27344,0,27344,Who Gets to Call It Art?
tt0472259,10787,833590,844377,Alone with Her
tt0472268,171817,1087083,1258900,The Flying Scotsman
tt0472399,29121498,47008144,76129642,The Mechanic
tt0472562,594,0,594,Shake Hands with the Devil
tt0473015,8719,0,8719,Closing Escrow
tt0473024,7009668,0,7009668,Crossover
tt0473037,21967,0,21967,Giuliani Time
tt0473075,90759676,245606000,336365676,Prince of Persia: The Sands of Time
tt0473102,1037071,2841922,3878993,The Perfect Game
tt0473174,4412,0,4412,Coffee Date
tt0473181,9258,11171,20429,Crossing the Line
tt0473308,19074800,3104630,22179430,Waitress
tt0473360,225067,7639838,7864905,Goal II: Living the Dream
tt0473367,604037,19248749,19852786,Jaane Tu... Ya Jaane Na
tt0473434,241772,455203,696975,49 Up
tt0473444,6566773,72002204,78568977,Curse of the Golden Flower
tt0473488,517809,1517659,2035468,A Guide to Recognizing Your Saints
tt0473500,7196,0,7196,Kettle of Fish
tt0473692,1904606,297327,2201933,Neil Young: Heart of Gold
tt0473700,1066555,0,1066555,September Dawn
tt0473705,37017955,50794416,87812371,State of Play
tt0473709,265198,0,265198,The TV Set
tt0473753,202647,9792521,9995168,Angel-A
tt0474361,33312,15214,48526,Sisters in Law
tt0474622,38605,1020487,1059092,Family Law
tt0475169,121390,673833,795223,13 Tzameti
tt0475224,10921,292946,303867,Belle toujours
tt0475241,3139,34642,37781,Khadak
tt0475255,5383,0,5383,Dog Days of Summer
tt0475276,31483450,44802646,76286096,United 93
tt0475290,30498085,33149571,63647656,"Hail, Caesar!"
tt0475298,25900,0,25900,Hood of Horror
tt0475333,1496,0,1496,Making Grace
tt0475355,7057600,37050,7094650,Pride
tt0475390,1236953,1533343,2770296,The Wedding Weekend
tt0475394,35787686,21316209,57103895,Smokin' Aces
tt0475420,204956,0,204956,The Untold Story of Emmett Louis Till
tt0475750,139059,25425414,25564473,Typhoon
tt0475937,1331137,2822441,4153578,The Abandoned
tt0475944,23380495,14216976,37597471,The Covenant
tt0475984,167396,240278,407674,Mister Lonely
tt0475998,12981269,173822,13155091,The Pirates Who Don't Do Anything: A VeggieTales Movie
tt0476053,22918,0,22918,Ambrose Bierce: Civil War Stories
tt0476550,163756,2753072,2916828,God Tussi Great Ho
tt0476643,157121,872805,1029926,The Bubble
tt0476805,204612,549397,754009,Malamaal Weekly
tt0476884,292794,0,292794,Taxi No. 9 2 11: Nau Do Gyarah
tt0476964,36793804,32993590,69787394,The Brave One
tt0476991,123789,0,123789,Were the World Mine
tt0476995,13932383,3366768,17299151,Firehouse Dog
tt0476999,5715,0,5715,Fraulein
tt0477002,5532,0,5532,Gogol Bordello Non-Stop
tt0477051,95673607,63639954,159313561,Norbit
tt0477071,47852604,36294228,84146832,Premonition
tt0477078,714943,44733,759676,Rocket Science
tt0477080,81562942,86242524,167805466,Unstoppable
tt0477095,216839,1513208,1730047,Starter for 10
tt0477139,446165,7861,454026,Wristcutters: A Love Story
tt0477302,31847881,23400000,55247881,Extremely Loud & Incredibly Close
tt0477347,250863268,323617573,574480841,Night at the Museum
tt0477348,74283625,97343541,171627166,No Country for Old Men
tt0477392,252539,0,252539,Broken Bridges
tt0477731,16675,47778,64453,Syndromes and a Century
tt0477877,8340,7709977,7718317,Summer in Berlin
tt0478049,1109146,298919,1408065,The U.S. vs. John Lennon
tt0478087,81159365,76767975,157927340,21
tt0478116,12185,0,12185,China Blue
tt0478126,15213,0,15213,Cthulhu
tt0478134,6777741,22764049,29541790,In the Valley of Elah
tt0478160,790452,4066655,4857107,Into Great Silence
tt0478166,445374,1072,446446,The Heart of the Game
tt0478197,1044254,354170,1398424,Leonard Cohen: I'm Your Man
tt0478213,737,0,737,A New Day in Old Sana'a
tt0478262,102171,0,102171,Return with Honor: A Missionary Homecoming
tt0478304,13303319,41000000,54303319,The Tree of Life
tt0478311,148768917,70307601,219076518,Knocked Up
tt0478331,2214,0,2214,Workingman's Death
tt0478338,20177,20154,40331,Zizek!
tt0478366,209478,0,209478,The Journals of Knud Rasmussen
tt0478829,187480,5892076,6079556,Vitus
tt0478970,180202163,339109802,519311965,Ant-Man
tt0478999,20931,46179,67110,Close to Home
tt0479042,8593,0,8593,G.I. Jesus
tt0479044,70219,0,70219,Crips and Bloods: Made in America
tt0479046,48752,169692,218444,Ghosts of Citï¿½ï¿½ï¿½
tt0479073,15100,0,15100,El inmigrante
tt0479074,5114,174329,179443,The Inner Life of Martin Frost
tt0479140,14059,0,14059,Ripple Effect
tt0479143,70270943,85450189,155721132,Rocky Balboa
tt0479162,7202,0,7202,Special
tt0479289,11931,0,11931,The Go-Getter
tt0479354,2370,761372,763742,Chronicle of an Escape
tt0479409,2493,0,2493,Herbie Hancock: Possibilities
tt0479468,1252100,239858,1491958,Gonzo: The Life and Work of Dr. Hunter S. Thompson
tt0479500,25612520,5054410,30666930,Nancy Drew
tt0479506,28041,10650,38691,The Blossoming of Maximo Oliveros
tt0479528,10452,4613118,4623570,Rogue
tt0479537,418296,801762,1220058,Seraphim Falls
tt0479547,269994,24242,294236,Surfwise
tt0479647,12665721,69405,12735126,Bon Cop Bad Cop
tt0479884,27838408,15092633,42931041,Crank
tt0479943,27073,0,27073,"Leaving Home, Coming Home: A Portrait of Robert Frank"
tt0479952,180010950,423889404,603900354,Madagascar: Escape 2 Africa
tt0479965,24425,0,24425,Off the Black
tt0479968,26890041,18957710,45847751,One Missed Call
tt0479974,292102,0,292102,Passage to Zarahemla
tt0479997,24827228,66800000,91627228,Season of the Witch
tt0480001,23457,0,23457,The Sensation of Sight
tt0480025,329379,7847165,8176544,This Is England
tt0480152,252379,5952125,6204504,Happily Ever After
tt0480239,4627375,0,4627375,Atlas Shrugged: Part I
tt0480242,47642963,20734896,68377859,Dan in Real Life
tt0480249,256393010,328956000,585349010,I Am Legend
tt0480251,221096,342515,563611,Ira & Abby
tt0480255,23591432,5788291,29379723,The Losers
tt0480268,8449,0,8449,Blind Date
tt0480269,416951,1038442,1455393,Interview
tt0480271,4300645,1785863,6086508,Van Wilder 2: The Rise of Taj
tt0480572,30230,30484,60714,Pyaar Ke Side Effects
tt0480669,39127,514071,553198,Timecrimes
tt0480687,45060734,38100000,83160734,Hall Pass
tt0481141,43107979,49493071,92601050,No Reservations
tt0481269,14130,0,14130,Carmen and Geoffrey
tt0481369,35193167,42373648,77566815,The Number 23
tt0481499,187168425,400036243,587204668,The Croods
tt0481532,1913,0,1913,Greg & Gentillon
tt0481536,38108728,5385552,43494280,Harold & Kumar Escape from Guantanamo Bay
tt0481574,16136,0,16136,Matthew Barney: No Restraint
tt0481589,72073,0,72073,Naked in Ashes
tt0481797,244397,2380362,2624759,Youth Without Youth
tt0482088,2165188,25784462,27949650,Priceless
tt0482463,8070537,4012759,12083296,Bella
tt0482517,8629,0,8629,A Good Day to Be Black & Sexy
tt0482527,848,7384831,7385679,It's a Boy Girl Thing
tt0482546,3005605,32072636,35078241,Miss Potter
tt0482571,53089891,56586420,109676311,The Prestige
tt0482572,15740721,15407607,31148328,Pride and Glory
tt0482599,25928550,21950860,47879410,Shutter
tt0482603,30105968,34778309,64884277,Space Chimps
tt0482606,52597610,29793535,82391145,The Strangers
tt0482629,3438735,0,3438735,The Ultimate Gift
tt0483179,582,66528,67110,The Sugar Curtain
tt0483578,60910,33694664,33755574,Love and Honour
tt0483607,11008770,11202656,22211426,Doomsday
tt0483726,37327390,3910258,41237648,Man of the Year
tt0483756,540382,5200,545582,Nobel Son
tt0483812,25751,0,25751,Stephanie Daley
tt0484111,22441,485643,508084,The Good Night
tt0484113,19789,0,19789,L'iceberg
tt0484562,8794452,22606288,31400740,The Seeker: The Dark Is Rising
tt0484740,4607608,26729976,31337584,Love in the Time of Cholera
tt0485046,20055,0,20055,State of Fear
tt0485149,2438422,0,2438422,A Family Secret
tt0485185,128024,54807,182831,Americanizing Shelley
tt0485272,1852050,10700555,12552605,Salaam-E-Ishq
tt0485522,485000,886723,1371723,Umrao Jaan
tt0485601,676775,62679,739454,The Secret of Kells
tt0485851,25775,2571873,2597648,The Air I Breathe
tt0485947,3622,0,3622,Mr. Nobody
tt0485985,49876377,489000,50365377,Red Tails
tt0486028,1008849,411569,1420418,Thr3e
tt0486051,36804,248256,285060,Wind Chill
tt0486259,942441,187829,1130270,American Teen
tt0486321,13816982,27904432,41721414,Fly Me to the Moon 3D
tt0486358,902544,111052,1013596,Jesus Camp
tt0486551,19185184,1202413,20387597,Beerfest
tt0486572,1344,0,1344,The Dog Problem
tt0486576,131921738,157126025,289047763,Fantastic 4: Rise of the Silver Surfer
tt0486578,37931869,872746,38804615,First Sunday
tt0486583,72006777,25831572,97838349,Fred Claus
tt0486585,22359,3069,25428,Fuck
tt0486615,300293,279399,579692,London Dreams
tt0486655,38634938,96925088,135560026,Stardust
tt0486674,1090947,5619941,6710888,What Just Happened
tt0486751,18435,0,18435,One to Another
tt0486822,80209692,37550442,117760134,Disturbia
tt0486946,168273550,85351877,253625427,Wild Hogs
tt0487092,13710,0,13710,Who the #$&% Is Jackson Pollock?
tt0487156,884,0,884,In Her Line of Fire
tt0487195,488393,850177,1338570,Bonneville
tt0487273,78440,2962653,3041093,The Witnesses
tt0487419,86356,83642,169998,The Secret of the Grain
tt0487485,503,36927,37430,Back to Normandy
tt0487503,209659,9074368,9284027,The Page Turner
tt0488120,39015018,52339197,91354215,Fracture
tt0488414,1244576,15221568,16466144,Omkara
tt0488478,125120,7412333,7537453,12
tt0488508,833532,1024532,1858064,Arctic Tale
tt0488535,29796,35207,65003,Expired
tt0488604,4803,17641824,17646627,The Oxford Murders
tt0488658,16655224,5293990,21949214,Unaccompanied Minors
tt0488906,332491,0,332491,Zinda
tt0488953,162538,15145,177683,Awesome; I Fuckin' Shot That!
tt0488988,56215,131273,187488,Chapter 27
tt0489037,1678874,85430,1764304,Who Killed the Electric Car?
tt0489049,688529,272299,960828,Fanboys
tt0489099,80172128,142059058,222231186,Jumper
tt0489212,12232,0,12232,The Living Wake
tt0489235,173066,0,173066,My Name Is Bruce
tt0489237,25930652,21807447,47738099,The Nanny Diaries
tt0489244,271000,1282837,1553837,Night of the Living Dead 3D
tt0489247,144601,68179,212780,Once in a Lifetime: The Extraordinary Story of the New York Cosmos
tt0489270,80238724,84635551,164874275,Saw III
tt0489281,10915744,291386,11207130,Stop-Loss
tt0489282,6575282,389452,6964734,Strange Wilderness
tt0489327,3347411,3914079,7261490,Venus
tt0489560,111678,219998,331676,Shaadi Se Pehle
tt0489682,425045,596758,1021803,Conversations with God
tt0489707,10403,0,10403,Forgiving Dr. Mengele
tt0490075,3451,0,3451,Aftermath
tt0490079,6998,0,6998,Aristide and the Endless Revolution
tt0490084,42674040,26811450,69485490,Because I Said So
tt0490166,6700,442981,449681,London to Brighton
tt0490181,6820,2124237,2131057,Mutant Chronicles
tt0490196,7061128,342363,7403491,Phat Girlz
tt0490204,19661987,2560321,22222308,Reign Over Me
tt0490210,1009065,16713933,17722998,Sarkar Raj
tt0490215,7100177,16637346,23737523,Silence
tt0490234,623558,64360,687918,A Secret
tt0490579,92853,157329,250182,Dedication
tt0491152,39046489,21137332,60183821,Something Borrowed
tt0491162,3072,0,3072,Spiral
tt0491175,5775178,6976489,12751667,Suburbicon
tt0491203,2455635,5926080,8381715,Tulip Fever
tt0491244,55758,1778095,1833853,Election 2
tt0491691,4410,0,4410,Sacred Stage: The Mariinsky Theater
tt0491747,4571521,4622762,9194283,Away from Her
tt0491877,1476,1871,3347,'Tis Autumn: The Search for Jackie Paris
tt0492044,55389516,21710305,77099821,The Haunting in Connecticut
tt0492389,17630465,18606245,36236710,Furry Vengeance
tt0492447,93477,133628,227105,Black Gold
tt0492463,23465,118151,141616,In Between Days
tt0492464,10433,183825,194258,In the Pit
tt0492466,204462,36426,240888,Iraq in Fragments
tt0492481,89464,21400,110864,Puccini for Beginners
tt0492486,2863,4951758,4954621,Shrooms
tt0492488,21525,0,21525,So Much So Fast
tt0492492,15745,622882,638627,Sleeping Dogs Lie
tt0492499,176647,0,176647,An Unreasonable Man
tt0492506,3121270,56366,3177636,Wordplay
tt0492619,234286,11006,245292,The Foot Fist Way
tt0492714,166750,0,166750,Our Brand Is Crisis
tt0492869,3550,0,3550,Antonia
tt0492896,17282,0,17282,Archie's Final Project
tt0492931,707343,277864,985207,The 11th Hour
tt0492956,90648202,57232341,147880543,The Game Plan
tt0493081,24729,0,24729,Wrestling with Angels: Playwright Tony Kushner
tt0493395,1924,23385,25309,Badland
tt0493402,49333,496103,545436,Boarding Gate
tt0493405,18600152,8200000,26800152,CHIPS
tt0493421,96314,0,96314,Greetings from the Shore
tt0493430,72778712,11839820,84618532,Jackass Number Two
tt0493450,224614,0,224614,Sixty Six
tt0493451,6671,99457,106128,The Skeptic
tt0493459,306845,32764,339609,This Film Is Not Yet Rated
tt0493464,134508551,206923539,341432090,Wanted
tt0493949,26167002,1126741,27293743,Ramona and Beezus
tt0494203,11606,0,11606,Angels in the Dust
tt0494222,221846,1076191,1298037,Eagle vs Shark
tt0494238,17303424,45146937,62450361,Inkheart
tt0494271,152114,6698739,6850853,The Unknown Woman
tt0494640,140200,17555820,17696020,Memories of Tomorrow
tt0494652,42436517,1214268,43650785,"Welcome Home, Roscoe Jenkins"
tt0494834,1103075,6862607,7965682,Silk
tt0495024,3731,0,3731,Bad Blood
tt0495026,5788,0,5788,Choose Connor
tt0495036,9902,0,9902,If I Didn't Care
tt0495060,26859,0,26859,Abduction: The Megumi Yokota Story
tt0495103,1088,0,1088,The Empire in Africa
tt0495596,48658,0,48658,Tales from Earthsea
tt0495919,4816,7297,12113,What the Snow Brings
tt0496319,31216,106125,137341,The Hottest State
tt0496321,64352,0,64352,D' Lucky Ones!
tt0496328,18445,15278,33723,Itty Bitty Titty Committee
tt0496350,336,2408116,2408452,The Marsh
tt0496806,117154724,194157900,311312624,Ocean's Thirteen
tt0497116,24146161,25603190,49749351,An Inconvenient Truth
tt0497316,2099,88173,90272,Adrift in Manhattan
tt0497323,6950,667889,674839,Anamorph
tt0497465,23216709,73192591,96409300,Vicky Cristina Barcelona
tt0497467,3625,58033,61658,Vivere
tt0497972,23624,1205706,1229330,Sex and Death 101
tt0498097,119958,1265127,1385085,Climates
tt0498120,134636,6720658,6855294,Private Fears In Public Places
tt0498329,41711,0,41711,We Live in Public
tt0498351,32188,0,32188,The Hero of Color City
tt0498353,17609452,18010069,35619521,Hostel: Part II
tt0498366,38960,0,38960,The Life of Reilly
tt0498379,2485,0,2485,Rank
tt0498380,13756082,54917146,68673228,Letters from Iwo Jima
tt0498381,27793018,55287872,83080890,Rings
tt0498399,28563179,26363707,54926886,We Own the Night
tt0498480,52654,0,52654,Close to You
tt0499041,1435,0,1435,Kalyug
tt0499238,151114,50520,201634,Milarepa
tt0499375,2096000,22012727,24108727,Guru
tt0499448,141621490,278044078,419665568,The Chronicles of Narnia: Prince Caspian
tt0499455,31856,4077,35933,Day Night Day Night
tt0499537,180530,246002,426532,Offside
tt0499549,760507625,2029172169,2789679794,Avatar
tt0499554,20342161,1679101,22021262,Reno 911!: Miami
tt0499556,22486409,17994943,40481352,War
tt0499570,8965,18804,27769,Slipstream
tt0499596,138913,0,138913,What the Bleep!?: Down the Rabbit Hole
tt0499603,83291,1315931,1399222,10 Items or Less
tt0756703,5898393,552713,6451106,Feel the Noise
tt0756725,3911,0,3911,Where God Left His Shoes
tt0756727,30975,0,30975,Who Is Harry Nilsson
tt0756729,1540141,56812,1596953,Year of the Dog
tt0757361,1959420,938337,2897757,Margot at the Wedding
tt0757933,300454,0,300454,The Wedding Curse
tt0758053,885574,17627546,18513120,Saawariya
tt0758730,41797066,87086690,128883756,Aliens vs. Predator: Requiem
tt0758732,102591,153189,255780,Beaufort
tt0758738,302845,0,302845,Chalk
tt0758746,65002019,26377032,91379051,Friday the 13th
tt0758752,32367005,70453003,102820008,Love & Other Drugs
tt0758758,18354356,37900786,56255142,Into the Wild
tt0758764,87939,0,87939,Little Chenier
tt0758766,50572589,95323833,145896422,Music and Lyrics
tt0758774,39394666,76506231,115900897,Body of Lies
tt0758784,898786,0,898786,Starting Out in the Evening
tt0758786,67505,83944,151449,Stuck
tt0758794,43545364,0,43545364,We Are Marshall
tt0758798,8161,1539,9700,Weirdsville
tt0760160,85802,0,85802,Color of the Cross
tt0760187,20840,0,20840,The Tripper
tt0760310,319021,0,319021,Steve Harvey: Don't Trip... He Ain't Through with Me Yet
tt0760311,2431,81009,83440,He Was a Quiet Man
tt0760329,40946255,62125082,103071337,The Water Horse
tt0762073,318574,12690363,13008937,Thirst
tt0762104,1006,0,1006,How to Rob a Bank
tt0762105,11004,3499639,3510643,I Hate Valentine's Day
tt0762107,120059556,65994614,186054170,I Now Pronounce You Chuck & Larry
tt0762110,44383,10566211,10610594,Irina Palm
tt0762111,148292,0,148292,Jonestown: The Life and Death of Peoples Temple
tt0762114,43799818,25527461,69327279,License to Wed
tt0762115,138814,0,138814,The List
tt0762117,58829,0,58829,Maxed Out
tt0762121,37629831,8802433,46432264,The Nativity Story
tt0762125,42194060,63453042,105647102,Planet 51
tt0762138,663,0,663,Syrup
tt0763304,7438000,19273924,26711924,Doogal
tt0763831,18450127,2353715,20803842,A Thousand Words
tt0763840,51708,447912,499620,Home of the Brave
tt0763852,29976,174191,204167,I Have Never Forgotten You: The Life & Legacy of Simon Wiesenthal
tt0764639,2616,955128,957744,Eight Miles High
tt0765010,28544157,14774192,43318349,Brothers
tt0765120,867275,21101616,21968891,My Blueberry Nights
tt0765128,19422319,63229120,82651439,Oceans
tt0765141,5309,687266,692575,Heartbeat Detector
tt0765429,130164645,136300392,266465037,American Gangster
tt0765430,3126,0,3126,American Zombie
tt0765432,476270,26461085,26937355,The Baader Meinhof Complex
tt0765443,17266000,38840607,56106607,Eastern Promises
tt0765446,57012977,17584666,74597643,Escape from Planet Earth
tt0765447,12492481,7524272,20016753,Evening
tt0765451,635783,208162,843945,Fugitive Pieces
tt0765460,79436,0,79436,Cover
tt0765476,11803254,38846825,50650079,Meet Dave
tt0768183,16659,0,16659,Day Zero
tt0768212,21471047,5826403,27297450,The Last Mimzy
tt0768218,80283,0,80283,The Mysteries of Pittsburgh
tt0768239,16013,281202,297215,Storm
tt0769508,63667,1746785,1810452,Dans Paris
tt0770214,302458,4788831,5091289,Kabul Express
tt0770703,14011084,16415012,30426096,What's Your Number?
tt0770722,3892,11163609,11167501,Genghis Khan: To the Ends of the Earth and Sea
tt0770751,10490,0,10490,Santa Mesa
tt0770752,70231041,41000000,111231041,Fool's Gold
tt0770772,12550605,645640,13196245,I Think I Love My Wife
tt0770796,273870,26577,300447,Planet B-Boy
tt0770802,2672413,1754031,4426444,Samsara
tt0770810,7070641,1462546,8533187,How She Move
tt0770814,16100,0,16100,Tennessee
tt0770828,291045518,377000000,668045518,Man of Steel
tt0772153,87400,0,87400,America: Freedom to Fascism
tt0772157,956919,987231,1944150,Broken English
tt0772165,16815,0,16815,Dark Streets
tt0772168,50899,1015242,1066141,Grace Is Gone
tt0772174,8025,0,8025,The Iron Man
tt0772178,4502604,189504,4692108,Kickin' It Old Skool
tt0772193,10597734,4693543,15291277,Primeval
tt0772200,83397,0,83397,Save Me
tt0773306,470,0,470,Rome & Jewel
tt0775076,329972,0,329972,Cheech
tt0775488,3106835,0,3106835,Illegal Tender
tt0775489,2231474,3370957,5602431,The Illusionist
tt0775529,6623082,4018941,10642023,The Savages
tt0775536,12959,0,12959,Skid Marks
tt0775539,61356221,14154902,75511123,Stomp the Yard
tt0775543,76185,0,76185,Night Catches Us
tt0775552,25200412,32680644,57881056,Aliens in the Attic
tt0775566,254190,0,254190,The War Tapes
tt0778661,31366978,242265,31609243,Daddy's Little Girls
tt0778784,1426784,13260954,14687738,My Best Friend
tt0779982,84283,4863434,4947717,Black Sheep
tt0780046,105651,0,105651,A Jihad for Love
tt0780468,16566,0,16566,American Cannibal
tt0780492,35630,5380,41010,Canvas
tt0780504,35061555,41114477,76176032,Drive
tt0780511,9208876,7234733,16443609,Everybody's Fine
tt0780516,1200234,5619353,6819587,Flawless
tt0780521,104400899,162644866,267045765,The Princess and the Frog
tt0780536,7800824,25593616,33394440,In Bruges
tt0780548,5565,0,5565,Kid Cannabis
tt0780567,16123323,6861871,22985194,Imagine That
tt0780568,2465,1330,3795,My Fï¿½ï¿½
tt0780571,28549298,19572602,48121900,Mr. Brooks
tt0780595,6881022,1386357,8267379,Redline
tt0780606,3768,0,3768,Shock to the System
tt0780607,251150,150312,401462,The Signal
tt0780608,9397,169984,179381,Smiley Face
tt0780622,347578,1992532,2340110,Teeth
tt0780653,61979680,77810085,139789765,The Wolfman
tt0781435,282749,700046,982795,The Duchess of Langeais
tt0782867,122094,83632,205726,The Secrets
tt0783233,50927067,78338994,129266061,Atonement
tt0783238,19875,885416,905291,The Dead Girl
tt0783515,15078,0,15078,The Education of Charlie Banks
tt0783532,7294,0,7294,Gangster's Paradise: Jerusalema
tt0783608,79698,466671,546369,The Walker
tt0783640,2949212,56847,3006059,The Last Full Measure
tt0783665,949,1054,2003,Beyond Hatred
tt0783681,36577,0,36577,Paper Dolls
tt0783695,29185,131260,160445,Broken Sky
tt0784972,900926,134130,1035056,The Brothers Solomon
tt0784977,41131,0,41131,Colma: The Musical
tt0785006,73034460,43965738,117000198,Hotel for Dogs
tt0785007,7563670,13894441,21458111,Over Her Dead Body
tt0785025,252726,0,252726,Love's Abiding Joy
tt0785035,102458,8834205,8936663,Ong Bak 2
tt0785077,5713425,0,5713425,Who's Your Caddy?
tt0787442,1720325,419191,2139516,The Attack
tt0787474,50837305,57418465,108255770,The Boxtrolls
tt0787475,13938332,396069,14334401,Hot Rod
tt0787500,78079,49879,127958,Love Comes Lately
tt0787515,51933,366788,418721,Strength and Honour
tt0787523,372124,303538,675662,Towelhead
tt0787524,3866794,8385890,12252684,The Man Who Knew Infinity
tt0790602,3768878,12011,3780889,Nitro
tt0790604,35093569,12137501,47231070,Deck the Halls
tt0790612,3359,0,3359,American Fork
tt0790623,62597,283995,346592,Meet Bill
tt0790627,33745,0,33745,Brief Interviews with Hideous Men
tt0790628,22537881,4900000,27437881,The Incredible Burt Wonderstone
tt0790636,27298285,27900000,55198285,Dallas Buyers Club
tt0790657,351416,181310,532726,Everybody Wants to Be Italian
tt0790663,332000,382416,714416,The First Grader
tt0790675,5095,0,5095,God and Gays: Bridging the Gap
tt0790686,30691439,46797168,77488607,Mirrors
tt0790706,301027,56632,357659,Crazy Love
tt0790709,22000,0,22000,Lovesickness
tt0790712,1109660,411601,1521261,The Messenger
tt0790724,80070736,138269859,218340595,Jack Reacher
tt0790736,33618855,44705365,78324220,R.I.P.D.
tt0790769,87016,19708,106724,Kurt Cobain About a Son
tt0790770,2610896,849570,3460466,Miles Ahead
tt0790799,52384,655970,708354,$9.99
tt0790804,13349927,189227,13539154,The Comebacks
tt0791268,2324,0,2324,You're Gonna Miss Me
tt0791304,19103072,5888095,24991167,Georgia Rule
tt0792948,23308,130902,154210,The Exterminating Angels
tt0792966,168065,1192178,1360243,Blame it on Fidel
tt0792978,17000,35873,52873,Mia and the Migoo
tt0792986,77876,372937,450813,Fear of the Dark
tt0794374,63045,79982,143027,Summer Palace
tt0795351,13261851,14928128,28189979,Case 39
tt0795368,8580428,38208985,46789413,Death at a Funeral
tt0795371,20138,0,20138,Dirty Laundry
tt0795376,37072,0,37072,Eating Out 2: Sloppy Seconds
tt0795381,6627,0,6627,Skid Row
tt0795421,144169664,465727141,609896805,Mamma Mia!
tt0795434,1207007,14066740,15273747,Namastey London
tt0795438,10572742,154167,10726909,Not Easily Broken
tt0795441,543100,80292,623392,Oorlogswinter
tt0795458,7137,0,7137,Saint of 9/11
tt0795461,32015787,46362957,78378744,Scary Movie 5
tt0795493,973018,21685514,22658532,Cassandra's Dream
tt0796212,51957,1178178,1230135,Exiled
tt0796302,44852,0,44852,The Babysitters
tt0796307,12590147,10721244,23311391,Under the Same Moon
tt0796335,635733,10243134,10878867,Moliï¿½ï
tt0796339,23968,0,23968,On Broadway
tt0796366,257730019,127950427,385680446,Star Trek
tt0796368,4533261,245115,4778376,Talk to Me
tt0796375,2429367,1318928,3748295,You Kill Me
tt0799915,71471,8299,79770,Air Guitar Nation
tt0799916,102990,0,102990,Al Franken: God Spoke
tt0799934,11175164,19401346,30576510,Be Kind Rewind
tt0799949,39739367,47126197,86865564,Epic Movie
tt0799954,179780,25944,205724,The Bridge
tt0799976,38925,9558,48483,The Cats of Mirikitani
tt0800003,8130530,598943,8729473,Delta Farce
tt0800027,3511074,2230534,5741608,Feast of Love
tt0800039,63172463,42000652,105173115,Forgetting Sarah Marshall
tt0800069,20804166,16662372,37466538,The Hills Have Eyes 2
tt0800080,134806913,128620638,263427551,The Incredible Hulk
tt0800081,12854,0,12854,I Trust You to Kill Me
tt0800099,248362,860378,1108740,Joe Strummer: The Future Is Unwritten
tt0800181,5347,0,5347,Rock the Bells
tt0800205,63163,0,63163,Skills Like This
tt0800240,4598506,13142792,17741298,Deception
tt0800241,2206405,3720005,5926410,Transsiberian
tt0800272,46208,0,46208,The Hip Hop Project
tt0800308,20211394,7454457,27665851,Appaloosa
tt0800320,163214888,330000105,493214993,Clash of the Titans
tt0800369,181030624,268295994,449326618,Thor
tt0800956,150212,6146256,6296468,Life in a Metro
tt0800981,55418,33002,88420,Anthony Kaun Hai?
tt0801526,32645,9673,42318,The Tracey Fragments
tt0802935,8453,0,8453,Goodbye Momo
tt0803057,408709,48981,457690,The Promotion
tt0803096,47365290,391683624,439048914,Warcraft
tt0804452,10010209,16002944,26013153,Bratz
tt0804461,9534258,7440201,16974459,Death Sentence
tt0804485,58334,0,58334,Four Seasons Lodge
tt0804492,27696,1568536,1596232,The Hottie & the Nottie
tt0804497,6363628,127612,6491240,It's Kind of a Funny Story
tt0804505,1507990,1380325,2888315,Married Life
tt0804507,58669,3061288,3119957,Mother of Tears
tt0804516,3995018,3771222,7766240,P2
tt0804522,9736045,17302687,27038732,Rendition
tt0804529,80136,27423,107559,Sleep Dealer
tt0804536,968,0,968,Strangers Online
tt0805184,789963,13940933,14730896,Bhagam Bhag
tt0805526,10178331,64828,10243159,Facing the Giants
tt0805564,5972884,5320779,11293663,Lars and the Real Girl
tt0805570,83361,3449866,3533227,The Midnight Meat Train
tt0805604,32203,0,32203,Sacco and Vanzetti
tt0806027,257412,5617118,5874530,Blood: The Last Vampire
tt0806088,1443521,12477781,13921302,Heyy Babyy
tt0806203,104352,5698070,5802422,Carriers
tt0806679,20474,611543,632017,Summer of '04
tt0806686,30647,968941,999588,Yella
tt0807028,2269,0,2269,The Pool Boys
tt0807721,341221,569093,910314,Jellyfish
tt0807758,1062840,22905780,23968620,Partner
tt0808151,133375846,352554970,485930816,Angels & Demons
tt0808190,6983,0,6983,The Camden 28
tt0808210,21427,0,21427,The Cry
tt0808237,8628,184880,193508,Drama/Mex
tt0808241,11550,0,11550,East of Havana
tt0808244,2656784,15807009,18463793,Easy Virtue
tt0808279,1294919,6643953,7938872,Funny Games
tt0808285,20930,322888,343818,The Good Heart
tt0808331,482355,237613,719968,Joshua
tt0808339,10352,43441,53793,The Heir Apparent: Largo Winch
tt0808357,4604982,62486933,67091915,"Lust, Caution"
tt0808399,1588015,6507581,8095596,"New York, I Love You"
tt0808417,4445756,18306315,22752071,Persepolis
tt0808438,39975,0,39975,Rape of the Soul
tt0808510,60022256,52440252,112462508,Tooth Fairy
tt0808526,281447,486569,768016,Life During Wartime
tt0809407,91881,431822,523703,12:08 East of Bucharest
tt0809439,67500,53143,120643,Lagerfeld Confidential
tt0810768,36406,0,36406,Been Rich All My Life
tt0810784,4444637,9906308,14350945,Bright Star
tt0810819,11114018,53077505,64191523,The Danish Girl
tt0810913,74158157,75515631,149673788,Jack and Jill
tt0810922,6928068,622005,7550073,Take Me Home Tonight
tt0810928,388390,0,388390,The Last Sin Eater
tt0810951,16136,0,16136,Look
tt0810970,4890,0,4890,Everything's Cool
tt0810988,63165,67715,130880,The Nines
tt0811066,289232,9002462,9291694,Shootout at Lokhandwala
tt0811080,43945766,50000000,93945766,Speed Racer
tt0811106,769726,15802,785528,The Ten
tt0811128,5149,0,5149,Turn the River
tt0811137,10000,0,10000,The Do-Deca-Pentathlon
tt0811138,32235793,8618942,40854735,The Love Guru
tt0811154,2970,0,2970,Wetlands Preserved: The Story of an Activist Nightclub
tt0813391,47243,0,47243,Tibet: A Buddhist Trilogy
tt0813537,14251,0,14251,Military Intelligence and You!
tt0813547,5488570,13326143,18814713,The Counterfeiters
tt0814005,5597,1731,7328,The Amazing Truth About Queen Raquela
tt0814022,15298133,27189257,42487390,Bangkok Dangerous
tt0814031,18654,0,18654,Blessed Is the Match: The Life and Death of Hannah Senesh
tt0814075,201275,125930,327205,Deliver Us from Evil
tt0814077,3244,0,3244,Devil Girl
tt0814130,443591,0,443591,The Hammer
tt0814255,88768303,137728906,226497209,Percy Jackson & the Olympians: The Lightning Thief
tt0814314,69951824,98216377,168168201,Seven Pounds
tt0814335,29062561,2135970,31198531,The Stepfather
tt0814656,13665,302519,316184,Poison Friends
tt0814666,112351,946881,1059232,Bamako
tt0815138,6627,0,6627,Take
tt0815178,303439,6945051,7248490,The Life Before Her Eyes
tt0815236,32010860,17768868,49779728,She's Out of My League
tt0815241,13011160,627955,13639115,Religulous
tt0815244,11892415,1727660,13620075,Sydney White
tt0815245,28596818,13027228,41624046,The Uninvited
tt0816238,5661,0,5661,Fired!
tt0816442,21488481,55097835,76586316,The Book Thief
tt0816462,21295021,27500000,48795021,Conan the Barbarian
tt0816545,83506,13157,96663,Kabluey
tt0816631,1386582,0,1386582,Romï¿½ï¿½ï¿½ï¿½ï¿½
tt0816692,188020017,489443796,677463813,Interstellar
tt0816711,202359711,337648165,540007876,World War Z
tt0817177,1755212,0,1755212,Flipped
tt0817230,110485654,106000000,216485654,Valentine's Day
tt0817498,7451,0,7451,The Cult of the Suicide Bomber
tt0817538,32862104,16828521,49690625,Drillbit Taylor
tt0817544,14485,672744,687229,Never Forever
tt0817545,25000,0,25000,The Power of Few
tt0818098,15514,0,15514,Dreamkiller
tt0818165,29784,76812,106596,The Alphabet Killer
tt0818170,402088,52393,454481,The Little Traitor
tt0818490,2192,0,2192,George Bush Goes to Heaven
tt0818669,2968,0,2968,Dog Lover's Symphony
tt0818682,22938,0,22938,Islam: What the West Needs to Know
tt0819354,224546,259941,484487,10 Questions for the Dalai Lama
tt0819723,102737,0,102737,Islander
tt0819929,12890,0,12890,Rock Bottom
tt0819953,1491525,1923156,3414681,Days of Darkness
tt0821462,518,3014,3532,A Bloody Aria
tt0821640,55250026,46973243,102223269,Ghosts of Girlfriends Past
tt0821642,31720158,6612836,38332994,The Soloist
tt0821810,43907,0,43907,All Roads Lead Home
tt0822388,9478,7704,17182,Home
tt0822389,69220,6662831,6732051,Kenny
tt0822832,143153751,112589342,255743093,Marley & Me
tt0822847,29137000,49172505,78309505,Priest
tt0822849,22136,0,22136,Rails & Ties
tt0822854,47003582,48693414,95696996,Shooter
tt0823219,20616,0,20616,Meeting Resistance
tt0823261,10172,0,10172,Zindaggi Rocks
tt0823451,219071,3307607,3526678,Dus Kahaniyaan
tt0823668,52034,0,52034,Screamers
tt0824375,73819,2581850,2655669,Nishabd
tt0824747,35739802,77280454,113020256,Changeling
tt0824758,6617867,6932905,13550772,The Last Station
tt0825232,93466502,81906000,175372502,The Bucket List
tt0825236,1055580,13193169,14248749,Caramel
tt0825239,11846,8017499,8029345,Counter Investigation
tt0825241,3303,44948,48251,Dry Season
tt0825283,4218,0,4218,Maximum Ride
tt0825331,18720,0,18720,Saving Marriage
tt0825346,13944,0,13944,And Then Came Love
tt0826039,11750,0,11750,Blockade
tt0826547,22011,0,22011,Great World of Sound
tt0826711,461674,618461,1080135,Flight of the Red Balloon
tt0826756,6305,0,6305,Watercolors
tt0827517,554826,742434,1297260,Reprise
tt0828065,37895,0,37895,Moondance Alexander
tt0828393,21886,0,21886,Garden Party
tt0829098,1077273,1675198,2752471,When Did You Last See Your Father?
tt0829124,1169,0,1169,The Colour of Olives
tt0829150,56280355,160843925,217124280,Dracula Untold
tt0829193,267880,277045,544925,Honeydripper
tt0829432,84093,0,84093,"Me & You, Us, Forever"
tt0829459,9176787,9758870,18935657,A Mighty Heart
tt0829482,121463226,48408493,169871719,Superbad
tt0830199,463002,0,463002,Romeo & Juliet: Sealed with a Kiss
tt0830515,168368427,417722300,586090727,Quantum of Solace
tt0830535,829,0,829,Disfigured
tt0830570,39576,1369,40945,I Can't Think Straight
tt0830968,18239,0,18239,Suicide Killers
tt0831387,200676069,324300000,524976069,Godzilla
tt0831884,121994,1661196,1783190,Reservation Road
tt0831887,19806188,19233986,39040174,The Spirit
tt0831888,6000,36840,42840,Tekkonkinkreet
tt0832266,32241649,23206319,55447968,"Definitely, Maybe"
tt0832347,509,24975,25484,Falling
tt0832903,240239,108981,349220,Manufactured Landscapes
tt0832906,36875,0,36875,Monkey Warfare
tt0832937,78944,0,78944,Radiant City
tt0832971,161590,0,161590,Vanaja
tt0833476,695157,11194391,11889548,Jhoom Barabar Jhoom
tt0833553,872643,14369905,15242548,Ta Ra Rum Pum
tt0833960,11436,0,11436,Gardens of the Night
tt0834001,45802315,45551186,91353501,Underworld: Rise of the Lycans
tt0834541,13282,0,13282,Sherman's Way
tt0834938,55730,509294,565024,Sangre de mi sangre
tt0834941,63521,0,63521,A Plumm Summer
tt0834961,3346,0,3346,Fashion Victim
tt0835034,72568,877,73445,A Four Letter Word
tt0835418,7889,467622,475511,The Babymakers
tt0835787,23686,63949,87635,Woman on the Beach
tt0835802,37516,0,37516,Krystal
tt0836700,1657001,6002257,7659258,Summer Hours
tt0837559,2795,0,2795,Approaching Midnight
tt0837562,148313048,210062555,358375603,Hotel Transylvania
tt0837563,54724696,57675248,112399944,Pet Sematary
tt0837796,575048,565970,1141018,House
tt0838221,11902715,23176203,35078918,The Darjeeling Limited
tt0838232,35922978,40023637,75946615,The Pink Panther 2
tt0838233,76806,1588779,1665585,A Thousand Years of Good Prayers
tt0838241,122575,0,122575,Street Dreams
tt0838247,108595,1894023,2002618,After.Life
tt0838283,100468793,27638849,128107642,Step Brothers
tt0839742,12628,0,12628,Bhopal: A Prayer for Rain
tt0839938,1477,7349,8826,Out of the Blue
tt0839980,33479698,10404532,43884230,Semi-Pro
tt0840019,62356,0,62356,Vajra Sky Over Tibet
tt0840322,719556,0,719556,Forever Strong
tt0840361,92186262,61839874,154026136,The Town
tt0840406,123670,0,123670,"War Eagle, Arkansas"
tt0841032,5812781,0,5812781,The Perfect Holiday
tt0841044,4433994,15342165,19776159,2 Days in Paris
tt0841046,18317151,2258092,20575243,Walk Hard: The Dewey Cox Story
tt0841084,89169,277078,366247,Blindsight
tt0841108,22815,2054,24869,Hannah Takes the Stairs
tt0841119,25317,0,25317,Lake of Fire
tt0841149,3103,0,3103,The Prisoner or: How I Planned to Kill Tony Blair
tt0841173,22026,143843,165869,La strada di Levi
tt0841175,13703,0,13703,Love for Sale
tt0841925,60200,791421,851621,Silent Light
tt0841992,66217,32513,98730,Absolute Wilson
tt0842675,1512,0,1512,"Carmo, Hit the Road"
tt0842926,20811365,13894485,34705850,The Kids Are All Right
tt0842929,486767,4058980,4545747,Paranoid Park
tt0843358,246574,0,246574,My Dog Tulip
tt0843850,52868,351,53219,Finishing the Game: The Search for a New Bruce Lee
tt0843876,5107,0,5107,The Strip
tt0844286,3531756,1999008,5530764,The Brothers Bloom
tt0844457,711421,216283,927704,North Face
tt0844462,9602,1305,10907,The Unknown Soldier
tt0844471,124870275,118135851,243006126,Cloudy with a Chance of Meatballs
tt0844474,4509,0,4509,House of the Sleeping Beauties
tt0844479,7712114,1731904,9444018,The Collector
tt0844671,4694636,1570847,6265483,College
tt0844708,32752215,12534013,45286228,The Last House on the Left
tt0844768,603894,0,603894,Wild West Comedy Show: 30 Days & 30 Nights - Hollywood to the Heartland
tt0845046,1785505,9085507,10871012,Son of Rambow
tt0845439,90519,0,90519,Fireworks Wednesday
tt0845448,166339,10911202,11077541,Dhamaal
tt0846040,255620,11954,267574,My Brother Is an Only Child
tt0846308,17657973,0,17657973,Kit Kittredge: An American Girl
tt0846425,20157,0,20157,Flying: Confessions of a Free Woman
tt0846668,27611,1204,28815,Before I Forget
tt0847050,2528,246221,248749,Half Moon
tt0847221,28642,0,28642,Streetballers
tt0847897,459166,12358,471524,The Stone Angel
tt0848228,623357910,895455078,1518812988,The Avengers
tt0848537,107518682,160907952,268426634,Epic
tt0848542,23571,88160,111731,Arranged
tt0848557,958961,4405897,5364858,Diary of the Dead
tt0849480,49919,0,49919,Transformation: The Life and Legacy of Werner Erhard
tt0850253,224169,684678,908847,Battle in Seattle
tt0850677,1142,0,1142,Jack & Diane
tt0851578,882267,62648,944915,Paprika
tt0852713,48237389,22194266,70431655,The House Bunny
tt0852984,5713,0,5713,Mr. Blue Sky
tt0853096,519086,350266,869352,Death of a President
tt0854678,274661,19648,294309,Taxi to the Dark Side
tt0855729,6176,381220,387396,Times and Winds
tt0855824,19292,206734,226026,I Don't Want to Sleep Alone
tt0855846,3271,0,3271,El Superstar: The Unlikely Rise of Juan Frances
tt0855852,14416,18371548,18385964,Kabei: Our Mother
tt0855895,62897,482576,545473,Private Property
tt0856008,850920,807473,1658393,Sharkwater
tt0857190,26650,6267511,6294161,The Sweeney
tt0857191,9427089,8651086,18078175,The Visitor
tt0857265,342895,4535125,4878020,Sleuth
tt0857275,9309,0,9309,Wonderful World
tt0857355,807117,798249,1605366,The Year My Parents Went on Vacation
tt0858479,9511289,2332315,11843604,Smart People
tt0858486,1647083,4482446,6129529,Battle for Terra
tt0859163,102491776,300958054,403449830,The Mummy: Tomb of the Dragon Emperor
tt0859635,30617396,1008990,31626386,Super Troopers 2
tt0859644,2359,0,2359,The Village Barbershop
tt0859760,4011254,2863835,6875089,Ladrï¿½ï¿½ï¿½ï¿½ï¿½ï¿½ï¿½ï
tt0859765,76983,2427482,2504465,Still Life
tt0860870,116353,0,116353,Touching Home
tt0860906,133640,41028401,41162041,Evangelion: 2.0 You Can Advance
tt0860907,174945,60313000,60487945,Evangelion: 3.0 You Can Redo
tt0861689,3351751,16493228,19844979,Blindness
tt0861739,8744,14058334,14067078,Elite Squad
tt0861779,7634,0,7634,Jazz in the Diamond District
tt0862467,30638,246056,276694,Valhalla Rising
tt0862846,12062558,4517692,16580250,Sunshine Cleaning
tt0864761,13848978,29457347,43306325,The Duchess
tt0864770,264889,4830607,5095496,The Grocer's Son
tt0864835,111506430,164191609,275698039,Mr. Peabody & Sherman
tt0865554,300000,82174,382174,The Informers
tt0865556,52075270,75904732,127980002,The Forbidden Kingdom
tt0865559,8665206,11790070,20455276,My Life in Ruins
tt0865560,1808,0,1808,Now & Later
tt0865561,14057,0,14057,6 Month Rule
tt0866437,3575227,3588339,7163566,The Jane Austen Book Club
tt0866439,46012734,59950026,105962760,Made of Honor
tt0867160,10584,0,10584,Whaledreamers
tt0867241,8655,0,8655,Amexicano
tt0867270,1036,0,1036,Childless
tt0867411,24036,0,24036,Ranchero
tt0869977,85440,463708,549148,Water Lilies
tt0869994,1010194,22318324,23328518,Paris
tt0870089,49494,0,49494,Ciao
tt0870090,325131,2264601,2589732,City of Men
tt0870105,1485,0,1485,Divine Intervention
tt0870111,18622031,8804304,27426335,Frost/Nixon
tt0870122,82357,0,82357,Humboldt County
tt0870195,1029655,287067,1316722,Before the Rains
tt0870211,10310,235211,245521,Battle for Haditha
tt0870222,223000,0,223000,Surviving My Mother
tt0870984,404122,6579098,6983220,Antichrist
tt0871426,60494212,3669436,64163648,Baby Mama
tt0871510,1120404,20384840,21505244,Chak de! India
tt0872230,14744435,6231967,20976402,My Soul to Take
tt0872318,26946,0,26946,Gringo Wedding
tt0872335,440,0,440,Serum
tt0873886,1104682,769778,1874460,Red State
tt0874423,69770,0,69770,Zoo
tt0874425,6537,0,6537,Pretty Ugly People
tt0875034,19676965,34321841,53998806,Nine
tt0875705,12767,0,12767,Lake City
tt0876563,15090399,186660538,201750937,Ponyo
tt0877700,3601,50546,54147,Give Me Your Hand
tt0878134,208392,0,208392,A Man Named Pearl
tt0878804,255959475,53248834,309208309,The Blind Side
tt0878814,46437,41890,88327,Jewtopia
tt0878835,4033574,279511,4313085,Please Give
tt0879843,118095,14605218,14723313,Katyn
tt0879870,80574010,124020006,204594016,Eat Pray Love
tt0880502,742349,17062216,17804565,The Edge of Heaven
tt0880570,4447,0,4447,The Ministers
tt0880578,28687835,23971759,52659594,Untraceable
tt0880648,1925,0,1925,Shuttle
tt0881320,23209310,85400000,108609310,Sanctum
tt0881891,33862903,6242639,40105542,All About Steve
tt0881909,21579,0,21579,Dr. Bronner's Magic Soapbox
tt0881934,6975,46142,53117,The Killing of John Lennon
tt0882113,11268,0,11268,Looking for Palladin
tt0882969,43600,0,43600,The Golden Boys
tt0882977,42930462,14894212,57824674,Snitch
tt0884224,580862,715322,1296184,"War, Inc."
tt0884328,25594957,31698758,57293715,The Mist
tt0884726,8462347,10200000,18662347,Legends of Oz: Dorothy's Return
tt0884732,64460211,15339669,79799880,The Wedding Ringer
tt0884842,105054,0,105054,Guerrilla: The Taking of Patty Hearst
tt0886539,356019,4148346,4504365,Luck by Chance
tt0887259,848139,642502,1490641,Guadalupe
tt0887719,6422,1524057,1530479,Blonde Ambition
tt0887732,112102,6854122,6966224,Days and Clouds
tt0887745,78234,675950,754184,How About You...
tt0887764,53589,26530,80119,Mannat
tt0887883,60355347,103364722,163720069,Burn After Reading
tt0887912,17017811,32212961,49230772,The Hurt Locker
tt0888693,170392,38603,208995,Sleepwalking
tt0889134,57297,20113,77410,Finding Amanda
tt0889573,27779426,22051181,49830607,The Switch
tt0889583,60054530,78751301,138805831,Brï¿½ï
tt0889588,1031872,6753445,7785317,The Children of Huang Shi
tt0889595,6534,0,6534,Dream Boy
tt0889652,1852764,2988368,4841132,Roman de gare
tt0889671,109057,0,109057,Trumbo
tt0890870,63300095,76052538,139352633,Saw IV
tt0891527,15002854,48213018,63215872,Lions for Lambs
tt0891592,8742261,4021940,12764201,Street Fighter: The Legend of Chun-Li
tt0892112,7718,0,7718,A Walk to Beautiful
tt0892318,53032453,26149297,79181750,Letters to Juliet
tt0892375,10363341,12367501,22730842,U2 3D
tt0892769,217581231,277297528,494878759,How to Train Your Dragon
tt0892782,198351526,183158344,381509870,Monsters vs. Aliens
tt0892791,238736787,513864080,752600867,Shrek Forever After
tt0892904,69171,0,69171,White on Rice
tt0893346,32033,0,32033,Kiss the Bride
tt0893356,161182,1405066,1566248,Nanking
tt0893382,5505267,10268084,15773351,Shine a Light
tt0893412,3033623,123276,3156899,From Prada to Nada
tt0893509,42183,737090,779273,Blonde and Blonder
tt0896529,1603616,391396,1995012,Cairo Time
tt0896866,229117,95100,324217,Standard Operating Procedure
tt0896872,1124966,745977,1870943,The Whistleblower
tt0896923,493296,858570,1351866,The City of Your Final Destination
tt0897361,7498716,2171042,9669758,I Know Who Killed Me
tt0898367,8117000,19518305,27635305,The Road
tt0898897,114507,16953,131460,Ballerina
tt0899106,22965110,13122918,36088028,Love Happens
tt0899138,28044,0,28044,An American Affair
tt0899238,14350,0,14350,Desert Bayou
tt0901476,58715510,56438642,115154152,Bride Wars
tt0901481,2706,0,2706,Adolf Eichmann
tt0901485,409658,8078879,8488537,A Girl Cut in Two
tt0901487,128486,44132723,44261209,The Good the Bad the Weird
tt0902270,179507,0,179507,Constantine's Sword
tt0902290,8050,0,8050,I Sell the Dead
tt0902982,54473,0,54473,The Harimaya Bridge
tt0903131,15198,0,15198,All Hat
tt0903624,303003568,714000000,1017003568,The Hobbit: An Unexpected Journey
tt0903627,65108,1268133,1333241,Julia
tt0903657,12551031,16090745,28641776,Love & Mercy
tt0903943,57805,0,57805,The End of Poverty?
tt0905360,10190,0,10190,Prince of the Himalayas
tt0905361,13850,0,13850,Protagonist
tt0905372,16928670,10500000,27428670,The Thing
tt0905642,5925,0,5925,Waiting for Dublin
tt0905979,177490,0,177490,Chicago 10
tt0906108,55204525,658361,55862886,Why Did I Get Married?
tt0906665,50659,2674599,2725258,Sukiyaki Western Django
tt0906743,31502,0,31502,Forever
tt0907657,9439923,11270590,20710513,Once
tt0910559,104589,12757069,12861658,Cherry Blossoms
tt0910847,46060,0,46060,Breakfast with Scot
tt0910936,87341380,14283463,101624843,Pineapple Express
tt0910970,223808164,297503696,521311860,WALLï¿½
tt0911024,95102,0,95102,The Pool
tt0912580,132782,1713,134495,The Devil Came on Horseback
tt0912583,312751,0,312751,For the Bible Tells Me So
tt0912590,122905,2120,125025,Manda Bala
tt0912592,231574,26090,257664,My Kid Could Paint That
tt0912593,1433319,0,1433319,No End in Sight
tt0912596,90287,0,90287,The Unforeseen
tt0912599,115210,22767,137977,War Dance
tt0913354,15988876,6953345,22942221,Armored
tt0913413,4033,386551,390584,The Marc Pease Experience
tt0913425,5014305,25977355,30991660,Broken Embraces
tt0913445,9359,5100,14459,YPF
tt0913958,108807,10456,119263,Jimmy Carter Man from Plains
tt0913968,129078,42746836,42875914,The Warlords
tt0914358,48969,0,48969,Alice Neel
tt0914382,15610,0,15610,Quiet City
tt0914797,4078607,549946,4628553,Bottle Shock
tt0914798,9046156,31370407,40416563,The Boy in the Striped Pajamas
tt0914837,39033,255212,294245,44 Inch Chest
tt0914845,34068,0,34068,Familiar Strangers
tt0914850,5202,0,5202,A Lawyer Walks Into a Bar...
tt0918927,33446470,17571691,51018161,Doubt
tt0918940,126643061,230057296,356700357,The Legend of Tarzan
tt0920458,148089,10037995,10186084,Flame & Citron
tt0920473,535499,2400938,2936437,Shall We Kiss?
tt0923600,140106,0,140106,Baghead
tt0923752,677914,112214,790128,The King of Kong: A Fistful of Quarters
tt0923811,107797,116042,223839,Evangelion: 1.0 You Are Alone
tt0923869,2659,0,2659,United Red Army
tt0924129,455654,3074215,3529869,Crossing Over
tt0925248,1134358,1027011,2161369,In the Shadow of the Moon
tt0925301,80374,0,80374,Il trittico dell'amore
tt0926036,12578,0,12578,Around June
tt0926084,295983305,664300000,960283305,Harry Potter and the Deathly Hallows: Part 1
tt0926129,43869350,13328526,57197876,Prom Night
tt0926380,809752,2424953,3234705,The Boys Are Back
tt0927629,577,0,577,Notes on Marie Menken
tt0928406,781016,0,781016,The Wonder of It All
tt0928413,25526,0,25526,Naked Boys Singing!
tt0929412,11434,11313102,11324536,Quiet Chaos
tt0929425,1579146,33228139,34807285,Gomorrah
tt0929632,47566524,16081309,63647833,Precious
tt0929742,12000,9868,21868,Deep Gold 3D
tt0930057,17304,0,17304,Ever Again
tt0930071,11951,0,11951,Last Stop for Paul
tt0935075,2229058,2900000,5129058,Rabbit Hole
tt0936471,397641,0,397641,Transylmania
tt0936501,145000989,81829579,226830568,Taken
tt0937221,3467,0,3467,The Full Picture
tt0937237,65388,716714,782102,Redacted
tt0937239,11441,0,11441,Sputnik Fever
tt0937375,49121934,656618,49778552,This Christmas
tt0938283,131772187,187941694,319713881,The Last Airbender
tt0938321,1796,0,1796,Oswald's Ghost
tt0938330,17529157,34773639,52302796,Silent Hill: Revelation
tt0938341,278356,662074,940430,Tokyo Sonata
tt0939681,200010,0,200010,What Would Jesus Buy?
tt0940585,1095398,2699194,3794592,Brick Lane
tt0940620,30918,50195,81113,Patti Smith: Dream of Life
tt0940709,207378,47094093,47301471,CJ7
tt0942384,142666,0,142666,Shelter
tt0942385,110515313,77557336,188072649,Tropic Thunder
tt0943512,87370,286357,373727,How to Cook Your Life
tt0944101,27595,12329,39924,Good Dick
tt0944835,118311368,175191986,293503354,Salt
tt0945513,54712227,92620470,147332697,Source Code
tt0947798,106954678,222443368,329398046,Black Swan
tt0947802,39263506,5391496,44655002,Lakeview Terrace
tt0947810,35053660,59828889,94882549,Green Zone
tt0948470,262030663,495900000,757930663,The Amazing Spider-Man
tt0948535,851540,11974783,12826323,Paris 36
tt0949489,11163,1339804,1350967,Lost in Beijing
tt0949564,88148,2388618,2476766,Tuya's Marriage
tt0949731,64506874,98896925,163403799,The Happening
tt0949875,17625,0,17625,The New Twenty
tt0951216,20668843,5743320,26412163,Mad Money
tt0951318,155056,1426980,1582036,Bra Boys
tt0952640,217326974,144009659,361336633,Alvin and the Chipmunks
tt0952682,46026,122211,168237,Shotgun Stories
tt0952693,34000,0,34000,Your Mommy Kills Animals!
tt0953318,1601,2742813,2744414,Ben X
tt0954008,426855,0,426855,The Singing Revolution
tt0954947,217277,3759915,3977192,The Killer Inside Me
tt0954990,318623,0,318623,The Yellow Handkerchief
tt0955306,532878,0,532878,Noah's Arc: Jumping the Broom
tt0955308,105269730,216400011,321669741,Robin Hood
tt0955411,952820,99087,1051907,The Ten Commandments
tt0956038,41850659,42524687,84375346,Nights in Rodanthe
tt0959282,18254,1891314,1909568,Am Limit
tt0959337,22911480,52314541,75226021,Revolutionary Road
tt0960066,224409,0,224409,The Black Waters of Echo's Pond
tt0960098,8321,0,8321,Winter of Frozen Dreams
tt0960144,100018837,99917174,199936011,You Don't Mess with the Zohan
tt0960721,17419,0,17419,Adventures of Power
tt0960730,34096,0,34096,Beautiful Darling
tt0960731,110101975,102772889,212874864,Bedtime Stories
tt0960741,1785,0,1785,The Canyon
tt0960770,16814,0,16814,Holding Trevor
tt0961066,610825,2723929,3334754,Everlasting Moments
tt0961108,70600,0,70600,Fireflies in the Garden
tt0961728,13439,374735,388174,The Escapist
tt0962711,95,0,95,The Objective
tt0962715,2337,0,2337,13 Months of Sunshine
tt0962726,90559416,162349761,252909177,High School Musical 3
tt0962736,11001272,16408617,27409889,The Young Victoria
tt0962774,302232,1476559,1778791,O'Horten
tt0963178,25450527,34710864,60161391,The International
tt0963194,146750,41376,188126,Repo! The Genetic Opera
tt0963208,384955,266823,651778,Where in the World Is Osama Bin Laden?
tt0963794,17432844,5304017,22736861,The Ruins
tt0963807,821046,5753,826799,I.O.U.S.A.
tt0963915,52292,431445,483737,Dynamite Warrior
tt0963966,63150991,152132751,215283742,The Sorcerer's Apprentice
tt0964185,518522,2334393,2852915,Tetro
tt0964516,191442,8467271,8658713,Fashion
tt0964517,93617009,35573860,129190869,The Fighter
tt0964539,109846,3124860,3234706,Pathology
tt0967945,347977,0,347977,The Merry Gentleman
tt0968264,11538204,3940596,15478800,The Conspirator
tt0968760,34972,0,34972,Our City Dreams
tt0969269,4629,2156161,2160790,Mad Detective
tt0970179,73864507,111905653,185770160,Hugo
tt0970184,6795,0,6795,Operation Homecoming: Writing the Wartime Experience
tt0970411,7873007,10056677,17929684,City of Ember
tt0970416,79366978,153726881,233093859,The Day the Earth Stood Still
tt0970468,12313694,4411239,16724933,Miss Pettigrew Lives for a Day
tt0970472,3259,1167092,1170351,Vexille
tt0970521,386073,2558994,2945067,Turtle: The Incredible Journey
tt0970866,148438600,162211985,310650585,Little Fockers
tt0971160,52823,0,52823,Billy the Kid
tt0971162,47071,123253,170324,Owl and the Sparrow
tt0971170,1708,26057,27765,La leï¿½
tt0971177,4218,0,4218,Twisted: A Balloonamentary
tt0971209,15515460,7337178,22852638,A Perfect Getaway
tt0972883,4643,6088,10731,Red
tt0974014,341323,554975,896298,Creation
tt0974015,229024295,428900000,657924295,Justice League
tt0974554,3581642,11312705,14894347,Elegy
tt0974613,149528,994328,1143856,The Other Man
tt0974661,64167069,72100407,136267476,17 Again
tt0975645,6008677,17561864,23570541,Hitchcock
tt0975684,81680,15253,96933,Kisses
tt0976026,697369,8481096,9178465,Cheeni Kum
tt0976051,34194407,74707560,108901967,The Reader
tt0976060,351059,838803,1189862,Tokyo!
tt0976222,5210988,7014035,12225023,Bandslam
tt0976238,49492060,47261636,96753696,Old Dogs
tt0976247,52132,0,52132,"Surfer, Dude"
tt0977648,1725141,1044622,2769763,Every Little Step
tt0977855,9540691,14648231,24188922,Fair Game
tt0978649,40349,0,40349,Bliss
tt0978759,2511476,2902807,5414283,Frozen River
tt0978764,36392502,53400000,89792502,Sucker Punch
tt0979434,24719879,0,24719879,Lottery Ticket
tt0979891,24502,1868768,1893270,Hattrick
tt0979900,382807,0,382807,Into the Arms of Strangers
tt0980970,104386950,311299267,415686217,The Chronicles of Narnia: The Voyage of the Dawn Treader
tt0981042,352810,0,352810,Like Dandelion Dust
tt0981072,266967,20600,287567,The Lucky Ones
tt0981227,31487293,2019351,33506644,Nick and Norah's Infinite Playlist
tt0983193,77591831,296402120,373993951,The Adventures of Tintin
tt0983946,26441782,22165774,48607556,Fantasy Island
tt0984175,61822,131709,193531,Alice's House
tt0984210,29731,0,29731,Multiple Sarcasms
tt0984213,11573,0,11573,Operation Filmmaker
tt0985593,2134,226794,228928,Miss Conception
tt0985636,675102,8679460,9354562,Laaga Chunari Mein Daag: Journey of a Woman
tt0985694,26593646,17499670,44093316,Machete
tt0985699,83077833,117214557,200292390,Valkyrie
tt0986213,484108,6289385,6773493,Aaja Nachle
tt0986233,154084,2570390,2724474,Hunger
tt0986263,38577772,83867000,122444772,Surrogates
tt0986264,1223869,20673504,21897373,Taare Zameen Par
tt0988045,209028679,315000000,524028679,Sherlock Holmes
tt0988047,23530831,4133342,27664173,Traitor
tt0988102,109107,4291,113398,Darfur Now
tt0988595,76808654,83450665,160259319,27 Dresses
tt0988849,19367,675055,694422,Donkey Punch
tt0989000,172605,1121571,1294176,In Search of a Midnight Kiss
tt0989757,80014842,34962262,114977104,Dear John
tt0990376,858415,0,858415,Sarah Landon and the Paranormal Hour
tt0990404,125045,97731,222776,Chop Shop
tt0990407,98780042,129037206,227817248,The Green Hornet
tt0990413,1082124,62314,1144438,Sugar
tt0991150,689,693820,694509,Christmas in Wonderland
tt0991167,77907,0,77907,Ping Pong Playa
tt0991346,476032,12760785,13236817,Bhoothnath
tt0992911,5151,6172574,6177725,Flash Point
tt0993789,1060922,6295471,7356393,A Christmas Tale
tt0993842,40259119,23522959,63782078,Hanna
tt0993846,116900694,275100000,392000694,The Wolf of Wall Street
tt0995031,1097797,17975298,19073095,Bhool Bhulaiyaa
tt0995039,13367624,13706868,27074492,Ghost Town
tt0995061,69991,0,69991,The Business of Being Born
tt0995752,457380,10825957,11283337,Tashan
tt0995829,48334,2680535,2728869,XXY
tt0995850,435274,4608604,5043878,Vision
tt0995868,57046,7789562,7846608,Pele: Birth of a Legend
tt0996382,7714996,1093663,8808659,Dolphins and Whales 3D: Tribes of the Ocean
tt0996605,104567,2862367,2966934,Love Songs
tt0996948,15347,0,15347,No Regret
tt0996966,21152,159805,180957,"Not Quite Hollywood: The Wild, Untold Story of Ozploitation!"
tt0996972,360886,1230634,1591520,Mï¿½ï¿½ï¿½ï¿½ï¿½ï¿½ï¿½ï¿½ï¿½ï¿½ï¿½ï¿½ï¿½ï¿½ï¿
tt0997047,45610425,5939249,51549674,College Road Trip
tt0997147,40796,29885,70681,Big Man Japan
tt0997167,7116,6515070,6522186,Midnight Eagle
tt0997185,16070,705642,721712,Time
tt0997233,8663,0,8663,Without the King
tt0997246,116372,103988,220360,The Song of Sparrows
tt0999913,10324441,844271,11168712,Straw Dogs
tt0999963,3059,0,3059,The Afterlight
tt10003008,1637503,1355672,2993175,The Rental
tt10003978,549386,9430,558816,Fiddler: A Miracle of Miracles
tt1000774,152647258,262606383,415253641,Sex and the City
tt10011448,4252657,0,4252657,Linda Ronstadt: The Sound of My Voice
tt1001508,93953653,84893246,178846899,He's Just Not That Into You
tt1001526,148415853,173469912,321885765,Megamind
tt1001540,26064,0,26064,Perestroika
tt1001562,4161625,0,4161625,Witless Protection
tt10017680,326711,117665016,117991727,P Storm
tt1002563,6490401,839937,7330338,The Young Messiah
tt1002765,203708,367858,571566,My Father My Lord
tt10027696,765361,0,765361,Patterns of Evidence: Moses Controversy
tt1003023,29697,166372,196069,Mï¿½ï¿½ï
tt1003034,828,167110,167938,Perrier's Bounty
tt1003113,8939,1036,9975,Black White + Gray: A Portrait of Sam Wagstaff and Robert Mapplethorpe
tt1003115,124294,0,124294,The First Saturday in May
tt1003116,88312,0,88312,Pete Seeger: The Power of Song
tt1003118,260586,58177,318763,Steep
tt10039344,25621766,16800000,42421766,Countdown
tt10050136,328979,0,328979,The Big Fight Live: IBF Welterweight Title: Errol Spence Jr. vs. Mikey Garcia
tt10059518,20452448,20700000,41152448,Unhinged
tt10068158,134047,147,134194,Made in Abyss: Journey's Dawn
tt1006904,99270,0,99270,Kings of the Evening
tt1007018,19716,0,19716,The Open Road
tt1007028,31457946,10647165,42105111,Zack and Miri Make a Porno
tt1007029,30017992,84938707,114956699,The Iron Lady
tt1007950,21659,2060,23719,Diminished Capacity
tt1008023,131357,0,131357,Proud American
tt10080270,425332,0,425332,Killing Sarai
tt1010046,74421,0,74421,Shoot Down
tt1010048,141319928,236590616,377910544,Slumdog Millionaire
tt10122042,1188936,0,1188936,Kingdom Men Rising
tt10122392,140306,0,140306,Incitement
tt1012757,39891,0,39891,Loins of Punjab Presents
tt1012804,2345941,328149,2674090,Redbelt
tt10132048,201874,0,201874,Blink of an Eye
tt1013743,76423035,185507401,261930436,Knight and Day
tt1013752,155064265,205300000,360364265,Fast & Furious
tt1013753,31841299,22745285,54586584,Milk
tt1013860,1186538,3447524,4634062,Dylan Dog: Dead of Night
tt10140002,187440,1739192,1926632,42nd Street: The Musical
tt10146728,9966,0,9966,Foosballers
tt1014673,35397,0,35397,Can Mr. Smith Get to Washington Anymore?
tt10147382,2356683,431233763,433590446,"My People, My Country"
tt1014759,334191110,691276000,1025467110,Alice in Wonderland
tt1014763,1224330,11726763,12951093,Child 44
tt1014775,94514402,54767204,149281606,Beverly Hills Chihuahua
tt1014808,17036,0,17036,The Understudy
tt1014809,130441,0,130441,Until the Light Takes Us
tt1015231,4780,0,4780,Perlasca
tt1015471,6870,0,6870,The Sisterhood of Night
tt10155342,539524,1132445,1671969,A Brother's Love
tt1015971,55513,0,55513,The Boys: The Sherman Brothers' Story
tt10159942,160968,0,160968,"Diana Ross: Her Life, Love and Legacy"
tt10160686,113274,11433,124707,Hymn: Sarah Brightman In Concert
tt10160694,18527,0,18527,Allegiance to Broadway
tt10160730,1807117,0,1807117,Moses
tt10160742,86300,0,86300,Cyrano de Bergerac
tt1016075,22455510,54756326,77211836,Fame
tt10160782,413039,9721,422760,Cirque du Soleil in Cinema: KURIOS - Cabinet of Curiosities
tt1016268,4071700,782464,4854164,Enron: The Smartest Guys in the Room
tt1017442,1677,0,1677,House of Usher
tt1017451,3573673,1107978,4681651,The Runaways
tt1017456,1367024,23024897,24391921,Race
tt1017460,17010170,9847289,26857459,Splice
tt10175340,1035603,0,1035603,Noah: The Musical
tt10182822,35613,0,35613,Loro
tt1018765,7002261,1525397,8527658,Our Brand Is Crisis
tt1018785,44089964,262453,44352417,The Sisterhood of the Traveling Pants 2
tt1018830,8286,0,8286,Yonkers Joe
tt10192652,29480,0,29480,Beyond Beautiful
tt10192656,7500000,0,7500000,How to Become a Detective
tt10192670,467817,0,467817,DCI 2017 Tour Premeire
tt10192672,434008,0,434008,DCI 2018 Tour Premeire
tt10192676,603320,0,603320,"DCI 2019: Big, Loud & Live 16"
tt10192686,83214,0,83214,Maria Stuarda at La Scala
tt1019449,581,0,581,The Rise and Fall of Miss Thang
tt1019452,9228768,22201566,31430334,A Serious Man
tt10199590,330181,297516,627697,Les Misï¿½ï¿½ï¿
tt1020072,52076908,14711000,66787908,Selma
tt1020530,7321,3976676,3983997,Eden Lake
tt1020558,123570,6691219,6814789,Centurion
tt1020773,1373975,4081761,5455736,Certified Copy
tt1020876,36230170,19632698,55862868,Under the Sea 3D
tt1020936,74759,0,74759,August Evening
tt1020938,7320323,2175039,9495362,Babies
tt1020950,15611,0,15611,Eden
tt1020972,13164,23451,36615,Blind Mountain
tt10218674,290217,237717033,238007250,The Bravest
tt1022603,32391374,28331360,60722734,500 Days of Summer
tt1022606,14739,807765,822504,Lion's Den
tt1023111,24850922,16776509,41627431,Never Back Down
tt1023114,2701859,17646390,20348249,The Way Back
tt1023441,1621226,4132264,5753490,Coco Chanel & Igor Stravinsky
tt1023481,58017783,92798917,150816700,Step Up 2: The Streets
tt1023490,240159,11020207,11260366,Il Divo
tt1024648,136025503,96300000,232325503,Argo
tt1024715,2926565,1055894,3982459,Choke
tt1024746,12522,0,12522,Jake's Corner
tt1024770,19137,0,19137,The People I've Slept With
tt1024942,45835,155062,200897,Just Another Love Story
tt1024943,3597372,36393437,39990809,Om Shanti Om
tt1025102,8845,0,8845,The Pardon
tt10257334,230703,0,230703,DAZN Boxing: Canelo Alvarez vs. Daniel Jacobs
tt10260672,787979,0,787979,Chonda Pierce: Unashamed
tt10276114,13294,0,13294,Rapid Response
tt1027658,39683,73586,113269,Absurdistan
tt1027718,52474616,82273405,134748021,Wall Street: Money Never Sleeps
tt1027743,23746066,26906397,50652463,Sea Monsters: A Prehistoric Adventure
tt1027862,16289867,1344446,17634313,Swing Vote
tt1028539,159294,0,159294,Girls Rock!
tt1028576,59713955,537416,60251371,Secretariat
tt1028581,47812,26036,73848,Love N' Dancing
tt1029120,1836515,87285,1923800,Henry Poole Is Here
tt1029137,466309,0,466309,La ligne brisï¿½
tt1029231,2191534,1978670,4170204,Krrish 3
tt1029360,47425125,48012869,95437994,Poltergeist
tt1031243,22083,0,22083,The Garden of Eden
tt1031280,14154,464777,478931,Splinter
tt10314450,1003700,17910,1021610,Becky
tt1031562,4254,0,4254,Corked
tt1031969,6409528,2357810,8767338,The Rocker
tt1032751,5666340,5421229,11087569,The Warrior's Way
tt1032755,5700626,20039368,25739994,RocknRolla
tt1032815,14800725,1021182,15821907,"I Love You, Beth Cooper"
tt1032821,887918,77002,964920,Tyson
tt1032825,25423,426768,452191,The Other Woman
tt1032846,1198208,8642130,9840338,"4 Months, 3 Weeks and 2 Days"
tt1032854,47724,1038932,1086656,Terror's Advocate
tt1032856,3054457,11501427,14555884,The Band's Visit
tt1033575,82584160,94659025,177243185,The Descendants
tt1033643,80277646,139097916,219375562,What Happens in Vegas
tt1034032,20534907,20293633,40828540,Gamer
tt1034084,11396,0,11396,Strafsache 4 Ks 2/63 - Auschwitz vor dem Frankfurter Schwurgericht
tt1034090,22180,0,22180,All's Faire in Love
tt1034303,28644813,22510406,51155219,Defiance
tt1034314,122082,8012949,8135031,Iron Sky
tt1034324,1891936,0,1891936,The Mighty Macs
tt1034331,40081410,38379289,78460699,Righteous Kill
tt1034389,19490041,7631999,27122040,The Eagle
tt1034415,2483472,5458621,7942093,Suspiria
tt1034427,128222,325792,454014,Alexandra
tt1035730,294014,1553308,1847322,A Woman in Berlin
tt1035731,52166,0,52166,Dare Not Walk Alone
tt1035736,6113834,44699100,50812934,Coco Before Chanel
tt10362466,2092137,45603931,47696068,After We Collided
tt1037116,6587,7084304,7090891,One Piece: Episode of Alabasta - The Desert Princess and the Pirates
tt1037163,32869,1004636,1037505,The Time That Remains
tt1037218,1664,1115605,1117269,Flashbacks of a Fool
tt1037228,91675,4759548,4851223,Cloud 9
tt1037705,94835059,62272696,157107755,The Book of Eli
tt1038043,9580,1810434,1820014,Mammoth
tt1038686,40168080,27750578,67918658,Legion
tt1038913,112313,0,112313,Killing Kasztner
tt1038914,5080,24387,29467,Poisoned by Polonium: The Litvinenko File
tt1038919,67061228,69272294,136333522,The Bounty Hunter
tt1038971,899,0,899,How to Be a Serial Killer
tt1039995,1028191,9919828,10948019,U Me Aur Hum
tt1040007,76173,0,76173,America the Beautiful
tt10407900,378405,213499,591904,The Cure: Anniversary 1978-2018 Live in Hyde Park
tt1041753,13229,0,13229,Harold
tt1041804,195459,15983500,16178959,The Nutcracker in 3D
tt1041829,163958031,153417000,317375031,The Proposal
tt1042499,22406,332222,354628,Filth and Wisdom
tt1042877,8195551,687468,8883019,Cadillac Records
tt1043451,879913,12245666,13125579,Delhi-6
tt1043726,18848538,42430914,61279452,The Legend of Hercules
tt1043749,336569,36791,373360,Everything Is Fine
tt1043756,1978,0,1978,Falling Awake
tt1043839,1085,0,1085,Kiss Me Deadly
tt10442108,900451,0,900451,Kinky Boots: The Musical
tt10443252,86858,0,86858,ECCO
tt1045642,7535,0,7535,Tales from the Script
tt1045655,13559812,1858937,15418749,The Haunting of Molly Hartley
tt1045658,132092958,104319495,236412453,Silver Linings Playbook
tt1045670,3512016,15184586,18696602,Happy-Go-Lucky
tt1045772,2037459,18685384,20722843,I Love You Phillip Morris
tt1045778,43337279,19020621,62357900,Year One
tt1045874,3384,0,3384,The Price of Sugar
tt1045889,18918,0,18918,Steal a Pencil for Me
tt1046163,19219250,22403252,41622502,My Best Friend's Girl
tt1046173,150201498,152267519,302469017,G.I. Joe: The Rise of Cobra
tt1046947,14889042,17672279,32561321,Last Chance Harvey
tt1046997,7919117,1404716,9323833,Miracle at St. Anna
tt1047007,3992189,3104813,7097002,Young@Heart
tt1047011,1702668,5338686,7041354,Unfinished Song
tt1047494,41975388,0,41975388,Meet the Browns
tt1047540,77267296,42504936,119772232,Parental Guidance
tt1048171,884613,8263264,9147877,Seraphine
tt1048174,17808,5293,23101,The World Unseen
tt10481868,10429730,8100000,18529730,Black Christmas
tt10482504,7708,153723,161431,The Trip to Greece
tt1049400,287198,0,287198,Outrage
tt1049402,617334,565924,1183258,Howl
tt1049405,115592,391942,507534,The Other End of the Line
tt1049413,293004164,442094918,735099082,Up
tt1049948,46612,0,46612,Casi divas
tt1050739,55202,1922819,1978021,Roadside Romeo
tt1051245,40864,0,40864,Moving Midway
tt1051904,80080379,78180573,158260952,Goosebumps
tt1051906,64914050,59644327,124558377,The Invisible Man
tt1051981,104828,0,104828,Another Gay Sequel: Gays Gone Wild!
tt10521814,303230,56147,359377,K-12
tt1053424,13794835,4615056,18409891,Repo Men
tt1053810,7204138,244247,7448385,The Big Year
tt10545076,4809800,6584086,11393886,Bring The Soul: The Movie
tt1054580,44348,14587029,14631377,Desert Flower
tt1054588,4442377,360576,4802953,Flash of Genius
tt1054606,7689607,54119168,61808775,The Imaginarium of Doctor Parnassus
tt1055292,53374681,52274025,105648706,Life as We Know It
tt1055369,402111870,434191823,836303693,Transformers: Revenge of the Fallen
tt1056422,129150,444894,574044,Fados
tt1056441,9467,0,9467,Tru Loved
tt1056477,41914,0,41914,Down for Life
tt1057500,37491364,84742607,122233971,Invictus
tt1058017,18451251,13955256,32406507,The Invention of Lying
tt1058058,30156,0,30156,American Swing
tt1059238,1475,0,1475,Unborn in the USA: Inside the War on Abortion
tt1059317,18945,0,18945,Sophomore
tt1059786,101440743,76625826,178066569,Eagle Eye
tt1060249,475104,5001300,5476404,The Legend of Drona
tt1060277,80048433,90715593,170764026,Cloverfield
tt10621032,126703,6993879,7120582,Lupin III: The First
tt10627720,3695533,696852221,700547754,Ne Zha
tt1062965,18728,0,18728,Severed Ways: The Norse Discovery of America
tt1063628,1025852,0,1025852,Ma tante Aline
tt10637056,223858,0,223858,Premier Boxing Champions: PBC on FOX PPV: Pacquiao vs. Thurman
tt1064861,5086,0,5086,On War
tt1064958,1804139,7700000,9504139,Hysteria
tt1065073,25352281,19143000,44495281,Boyhood
tt1065332,111844,10022522,10134366,Let's Talk About the Rain
tt10661180,641223,0,641223,The Last Shift
tt1067106,137855863,187430783,325286646,A Christmas Carol
tt1067583,58709717,58385185,117094902,Water for Elephants
tt1067733,57468,7362,64830,"Patrik, Age 1.5"
tt1067765,25368,12519,37887,Adult World
tt1067774,23186769,16480896,39667665,Monte Carlo
tt10678786,52502,258744,311246,Plï¿½ï¿½ï¿½ï¿½ï¿½ï¿½ï
tt1068242,51802742,11740586,63543328,Footloose
tt1068634,71716,0,71716,Body of War
tt1068641,200730,5441684,5642414,The Burning Plain
tt1068646,3766810,25099786,28866596,The Class
tt1068649,3169305,19102871,22272176,I've Loved You So Long
tt1068680,97690976,125550661,223241637,Yes Man
tt1069238,1498210,68434177,69932387,Departures
tt10703826,120411,25530,145941,Citizen K
tt1070858,1355079,0,1355079,The Secrets of Jonathan Sperry
tt1071812,4817770,17451353,22269123,Mao's Last Dancer
tt1071832,132596,0,132596,Stolen
tt1071875,51774002,80789928,132563930,Ghost Rider: Spirit of Vengeance
tt10719628,59395,0,59395,My Brothers' Crossing
tt10726136,232973,0,232973,Premier Boxing Champions: PBC on FOX: Spence vs. Porter
tt1072748,25091816,18927772,44019588,Winchester
tt1073221,243768,0,243768,The Legend of God's Gun
tt1073498,38233676,46413155,84646831,Meet the Spartans
tt1074194,46078,0,46078,William Kunstler: Disturbing the Universe
tt1074638,304360277,804200736,1108561013,Skyfall
tt1074929,294244,90415,384659,Adoration
tt1074931,23616,0,23616,Arnolds Park
tt1075417,67172594,39214547,106387141,Race to Witch Mountain
tt1075636,2760,0,2760,Blood Ties
tt1075747,10547117,356195,10903312,Jonah Hex
tt10764458,2884827,518579,3403406,Friends 25th: The One With The Anniversary
tt10766808,754323,0,754323,I Love Lucy: A Colorized Celebration
tt1076778,17234,0,17234,Baby Blues
tt1077262,622403,669445,1291848,Ajami
tt10773090,821000,355853,1176853,Sarileru Neekevvaru
tt1077368,79727149,165800000,245527149,Dark Shadows
tt10777384,546060,0,546060,"DCI 2019: Big, Loud & Live 16"
tt10777472,2893,0,2893,Bump Kowalski and the Ten Commandments
tt1078188,113662,1086736,1200398,Boy A
tt1078588,49200230,46514645,95714875,My Sister's Keeper
tt1078891,12306,0,12306,Full Battle Rattle
tt1078912,177243721,235862449,413106170,Night at the Museum: Battle of the Smithsonian
tt1078940,109204945,62639895,171844840,Couples Retreat
tt1079964,7199,0,7199,Happiness Runs
tt1079980,23412,0,23412,Death in Love
tt1080016,196573705,690113112,886686817,Ice Age: Dawn of the Dinosaurs
tt1082009,478710,1978012,2456722,Queen to Play
tt1082601,23091010,9387617,32478627,Fighting
tt1082807,10166820,917810,11084630,The Belko Experiment
tt1082853,934658,1467085,2401743,Management
tt1082868,31691811,9628095,41319906,Quarantine
tt1082886,2077116,1098353,3175469,The Wackness
tt1083447,18528,1246962,1265490,Buddha Mar Gaya
tt1083452,15789389,30363411,46152800,Eddie the Eagle
tt1083456,17231291,1367811,18599102,Fired Up!
tt1083853,18262,0,18262,Off and Running
tt1084950,12796841,3826172,16623013,Rachel Getting Married
tt1084972,349637,54462,404099,Wanted
tt1085507,406116,0,406116,The Square
tt1085515,22779,0,22779,Weather Girl
tt1086064,3439660,2649423,6089083,Bill & Ted Face the Music
tt1086216,36689,0,36689,Uncertainty
tt1086340,104678,0,104678,Mr. Untouchable
tt1086772,46294610,81700000,127994610,Blended
tt1087527,52429,0,52429,Trucker
tt1087578,167047,3091257,3258304,Still Walking
tt1087890,170943,2658041,2828984,Terribly Happy
tt10904418,18555,3394216,3412771,Midnight Diner
tt1090634,250992,0,250992,The 13th Alley
tt1090680,11662,174383,186045,Salt of This Sea
tt1091191,125095601,29707311,154802912,Lone Survivor
tt1091225,881787,0,881787,Emma Smith: My Story
tt1091229,921738,12517742,13439480,Chandni Chowk to China
tt1091617,7720487,0,7720487,Expelled: No Intelligence Allowed
tt1091722,16044025,1120352,17164377,Adventureland
tt1091751,11537046,230820,11767866,The Longshots
tt1091992,3021,0,3021,A French Gigolo
tt1092004,20018,12071,32089,Glass: A Portrait of Philip in Twelve Parts
tt1092007,4070,2127,6197,Heavy Metal in Baghdad
tt1092026,37412945,60571070,97984015,Paul
tt10925802,56492,0,56492,Pray: The Story of Patrick Peyton
tt1092633,15122676,178038,15300714,"The Goods: Live Hard, Sell Hard"
tt1092634,46425,0,46425,Shanghai
tt1093355,5860,0,5860,BuzzKill
tt1093357,21443494,43183292,64626786,The Darkest Hour
tt1093824,944933,260531,1205464,Encounters at the End of the World
tt1093836,33231,81629,114860,Berlin
tt1093842,159363,126106,285469,My Winnipeg
tt1093908,44277350,64055872,108333222,Confessions of a Shopaholic
tt1094241,501360,0,501360,Bride Flight
tt1095001,28564,0,28564,Explicit Ills
tt1095174,16734283,12276534,29010817,New in Town
tt1095217,1702112,8886990,10589102,Bad Lieutenant: Port of Call New Orleans
tt1095414,5922,0,5922,Sweethearts of the Prison Rodeo
tt1095442,870781,71428,942209,Goodbye Solo
tt10954574,93690,435595,529285,Margaret Atwood: Live in Cinemas
tt1096999,3568,0,3568,Evolution of a Criminal
tt1097013,10027047,145472,10172519,Next Day Air
tt1098327,9362785,46357987,55720772,Dragonball Evolution
tt1099212,192769854,199846771,392616625,Twilight
tt1100048,177511,794330,971841,35 Shots of Rum
tt1100051,43712,0,43712,Bereavement
tt1100089,12096300,7110213,19206513,Foxcatcher
tt1100119,20919166,8053342,28972508,Shorts
tt1103153,47059963,51100000,98159963,Killers
tt1103221,9890,0,9890,Fix
tt1103273,14351,0,14351,Peep World
tt1103275,3149034,13154609,16303643,Two Lovers
tt1103963,30800,365244,396044,24 City
tt1103982,695840,312122,1007962,The Girlfriend Experience
tt1104001,172062763,228000000,400062763,TRON: Legacy
tt1104083,481586,285981,767567,Little Ashes
tt11043394,234505,0,234505,Blind Eyes Opened
tt1104733,4886216,39072,4925288,Hamlet 2
tt1104783,26976,0,26976,Frontrunners
tt1105355,35312,0,35312,Growing Up Smith
tt1105512,17896,0,17896,The Missing Person
tt1105733,490154,10529300,11019454,Kismat Konnection
tt1105747,570090,4562559,5132649,Yuvvraaj
tt1106860,46488,0,46488,Ca$h
tt1107319,55125,88360,143485,Dirty Girl
tt1107850,4529,0,4529,Unrelated
tt1109499,257868,0,257868,Mrs. Worthington's Party
tt1109574,4380,0,4380,Between Us
tt1109624,76271832,191775976,268047808,Paddington
tt11107074,13304000,15423075,28727075,My Hero Academia: Heroes Rising
tt1111422,65452312,84713814,150166126,The Taking of Pelham 123
tt1111948,12082391,249246,12331637,Soul Men
tt1112115,105422,0,105422,King Corn
tt11136594,107511,0,107511,Heaven
tt11140488,183461,0,183461,The Wolf of Snow Hollow
tt1114277,783969,245242,1029211,Up the Yangtze
tt1114677,79576189,75969090,155545279,Hannah Montana: The Movie
tt1114678,14974,0,14974,Hannari: Geisha Modern
tt1114680,281350,0,281350,That Evening Sun
tt1114725,655538,3574237,4229775,Heroes
tt1114740,146336178,36956953,183293131,Paul Blart: Mall Cop
tt1116184,117229692,54456100,171685792,Jackass 3D
tt1117379,25027,0,25027,Bonnie & Clyde vs. Dracula
tt1118045,27156,25151,52307,Here and There
tt1119646,277322503,190161409,467483912,The Hangover
tt1120897,125547,7290425,7415972,Dhan Dhana Dhan Goal
tt1120985,9706328,2649406,12355734,Blue Valentine
tt1121096,17223265,96955348,114178613,Seventh Son
tt1121786,225341,100693,326034,Formosa Betrayed
tt1121931,13684249,20877543,34561792,Crank: High Voltage
tt1121977,1110509,3870227,4980736,Mother and Child
tt1121986,9004,0,9004,Money Fight
tt1122599,100435,22950,123385,Momma's Man
tt1122614,22080,0,22080,And Everything Is Going Fine
tt1122775,71007,0,71007,Rosencrantz and Guildenstern Are Undead
tt1122836,104526,0,104526,Alien Trespass
tt11229780,4023848,0,4023848,Infidel
tt1123373,459836,51263449,51723285,Detective Dee: Mystery of the Phantom Flame
tt1124035,40962534,35030527,75993061,The Ides of March
tt1124037,20810036,4225914,25035950,Free State of Jones
tt1124039,666009,1482170,2148179,Echelon Conspiracy
tt1124052,122558,10564758,10687316,City of Life and Death
tt1124217,3081,0,3081,Who Does She Think She Is?
tt1124377,67519,1416558,1484077,City of War: The Story of John Rabe
tt1124388,659483,0,659483,Play the Game
tt1125387,118206,0,118206,See What I'm Saying: The Deaf Entertainers Documentary
tt1125849,26238243,18465752,44703995,The Wrestler
tt1125929,137885,0,137885,Love Ranch
tt1126590,14482031,14771135,29253166,Big Eyes
tt1126591,39440655,50079118,89519773,Burlesque
tt1126618,31011732,29029244,60040976,Morning Glory
tt1127180,42100625,48742021,90842646,Drag Me to Hell
tt1127221,53744,88311,142055,Not Forgotten
tt1127710,101896,0,101896,Quï¿½ï¿½ï¿½ï¿½ï¿½ï¿½ï¿
tt1127715,2536665,2565091,5101756,Sin Nombre
tt1127877,905209,224944,1130153,Cold Souls
tt1127883,35048,0,35048,The Girl
tt1127884,65281781,5360255,70642036,Hannah Montana and Miley Cyrus: Best of Both Worlds Concert
tt1127886,26743,4685,31428,Here
tt1127896,7460204,2515533,9975737,Taking Woodstock
tt1128071,141108,575247,716355,Free Style
tt11285908,372562,60883393,61255955,Ashfall
tt11290556,49030,0,49030,The Way I See It
tt1129381,2804,0,2804,Lower Learning
tt1129396,9365,0,9365,Radio Free Albemuth
tt1129412,10024,0,10024,Circle
tt1129423,33456317,16980,33473297,Fireproof
tt1129435,239711,1974599,2214310,The Beaches of Agnï¿½
tt1129442,31715062,77264487,108979549,Transporter 3
tt1129445,14246488,5396598,19643086,Amelia
tt1129921,109427,78400,187827,Bustin' Down the Door
tt1130080,33316821,8454347,41771168,The Informant!
tt1130088,2026756,1341544,3368300,Is Anybody There?
tt1130091,4098,0,4098,Solar Flare
tt1130884,128012934,166791261,294804195,Shutter Island
tt1130964,408159,0,408159,The 5th Quarter
tt1130987,1377,0,1377,Ice Blues
tt1130988,470691,1871520,2342211,JCVD
tt1131724,422,3945307,3945729,0.098611111
tt1131729,8017917,28330867,36348784,Pirate Radio
tt1131734,16204793,15351268,31556061,Jennifer's Body
tt1132193,230600,0,230600,0
tt1132449,20998,1555689,1576687,Lay the Favorite
tt1132585,3637,1112302,1115939,Fraude: Mï¿½ï¿½ï¿½ï¿
tt1132588,3234,0,3234,A Ted Named Gooby
tt1132620,10095170,94300000,104395170,The Girl with the Dragon Tattoo
tt1132626,56746769,57117290,113864059,Saw V
tt1133985,116601172,103250000,219851172,Green Lantern
tt1133989,111551,0,111551,Medicine for Melancholy
tt1133993,25339,313675,339014,Serious Moonlight
tt1134629,337356,2440143,2777499,The Private Lives of Pippa Lee
tt1134664,2618,44909,47527,Boogie Woogie
tt1134665,11799,3349,15148,Chelsea on the Rocks
tt1134854,101740,41451,143191,Survival of the Dead
tt11349958,1073969,0,1073969,Merci pour tout
tt1135084,57744720,11310975,69055695,Takers
tt1135092,426688,1539883,1966571,The Limits of Control
tt1135487,40572825,37573827,78146652,Duplicity
tt1135503,94125426,35415073,129540499,Julie & Julia
tt1135525,41587,18834,60421,The Slammin' Salmon
tt11358398,113527,0,113527,The Man Standing Next
tt1135944,7075,0,7075,Quantum Hoops
tt1135952,304020,669254,973274,White Material
tt1135985,8402485,10353451,18755936,Sex Drive
tt1135989,572212,152673,724885,A Tale of Love and Darkness
tt1135992,4487,272746,277233,Wonderful Town
tt1136608,115646235,95173376,210819611,District 9
tt1137437,18480,0,18480,Between Love & Goodbye
tt1137450,34017028,15545682,49562710,Death Wish
tt1138002,216110,0,216110,Chris & Don. A Love Story
tt1139282,7943,0,7943,Stolen
tt1139328,15541549,44680749,60222298,The Ghost Writer
tt11394158,92349,0,92349,Miss Juneteenth
tt1139592,2335162,1682690,4017852,Jeepers Creepers III
tt1139668,42670410,33843640,76514050,The Unborn
tt1139797,2122065,9105271,11227336,Let the Right One In
tt1139800,602992,6898554,7501546,The Girl from Monaco
tt11398714,198352,0,198352,National Theater Live: Cyrano de Bergerac
tt1142433,6380019,34710,6414729,Post Grad
tt1142798,37105289,0,37105289,The Family That Preys
tt1142800,90508336,0,90508336,Madea Goes to Jail
tt1142977,35291068,46200000,81491068,Frankenweenie
tt1142988,88915214,116383693,205298907,The Ugly Truth
tt1143105,30606,0,30606,Fighting for Life
tt1143155,60336,63687,124023,Treeless Mountain
tt1143896,303064,304963,608027,Holy Rollers
tt1144522,50172,0,50172,"Tristan und Isolde, Azione in tre atti"
tt1144539,109895,0,109895,Best Worst Movie
tt1144541,24375,0,24375,Coyote County Loser
tt1144551,11495,0,11495,Peter and Vandy
tt1144804,1445739,1553201,2998940,Incredible Love
tt1144884,66477700,119689439,186167139,The Final Destination
tt1146325,2159376,27010301,29169677,Singh Is King
tt1147681,24544,0,24544,After
tt1147682,17977,0,17977,Cook County
tt1148165,113568,6698962,6812530,Bran Nue Dae
tt1148200,138788,446574,585362,Chain Letter
tt1148204,41596251,35103381,76699632,Orphan
tt1149361,1262079,9038,1271117,Micmacs
tt1149362,2222862,17096582,19319444,The White Ribbon
tt1149405,520151,2615,522766,Trouble the Water
tt1149583,142569,0,142569,Flow: For Love of Water
tt1149584,7986,0,7986,Eleven Minutes
tt1150947,127564,105519,233083,"Lovely, Still"
tt1151309,308575,0,308575,Bigger Stronger Faster*
tt1151359,70066,948687,1018753,Leaves of Grass
tt1151384,11295,0,11295,"Otto; or, Up with Dead People"
tt1151410,5073,0,5073,Tanner Hall
tt1151915,7503736,15754,7519490,Nothing Like the Holidays
tt1151922,4543320,48309,4591629,Miss March
tt1151923,5594,402976,408570,Rage
tt1152397,554434,0,554434,American Violet
tt1152398,27865571,15300000,43165571,Beastly
tt1152758,18334,0,18334,Dear Zachary: A Letter to a Son About His Father
tt1152822,101270,16408,117678,Freakonomics
tt1152836,97104620,117000000,214104620,Public Enemies
tt1152840,65082,0,65082,Racing Dreams
tt1152850,865695,326960,1192655,Wendy and Lucy
tt1153053,317831,0,317831,Today's Special
tt1153690,77556,2154,79710,Ballast
tt1153706,25662155,5776985,31439140,Dance Flick
tt1155056,71440011,20196975,91636986,"I Love You, Man"
tt1155060,6558,0,6558,Down the Shore
tt1155076,176591618,182534404,359126022,The Karate Kid
tt1155592,2962242,2296327,5258569,Man on Wire
tt1155637,4638,0,4638,The Death Factory Bloodletting
tt1156143,403952,4197398,4601350,Wild Grass
tt1156173,619162,5078839,5698001,Vincere
tt1156398,75590286,26801794,102392080,Zombieland
tt1157547,54464,87990,142454,La Bohï¿½ï
tt1157605,667911,283469,951380,Anvil: The Story of Anvil
tt1157620,65025,167235,232260,CSNY/Dï¿½ï¿½ï¿
tt1157631,80,0,80,Dog Eat Dog
tt1157668,13266,0,13266,Kicking It
tt1157685,41271,0,41271,The Betrayal
tt1157694,62645,0,62645,The Order of Myths
tt1157705,59192,41266,100458,Roman Polanski: Wanted and Desired
tt1157720,89473,103213,192686,Stranded: I've Come from a Plane That Crashed on the Mountains
tt1159922,2651,168271,170922,Cheerful Weather for the Wedding
tt1159961,80741,4177,84918,Waking Sleeping Beauty
tt1160317,3490,0,3490,Death of a Ghost Hunter
tt1160368,12234694,5045632,17280326,12 Rounds
tt1161064,30955,0,30955,Super Capers: The Origins of Ed and the Missing Bullion
tt1161418,113682,4810,118492,Gentlemen Broncos
tt11614912,386159,0,386159,She Dies Tomorrow
tt11618536,15104,0,15104,Shithouse
tt1161864,33047633,63000000,96047633,The Rite
tt1164092,82553,0,82553,Praying with Lior
tt1164999,5101237,20046549,25147786,Biutiful
tt11656800,4396,0,4396,Ottolenghi and the Cakes of Versailles
tt1166100,2430627,35885957,38316584,Ghajini
tt11661666,696191,0,696191,Patterns of Evidence: The Red Sea Miracle
tt1167660,89375,21834870,21924245,OSS 117: Lost in Rio
tt1170358,258366855,700000000,958366855,The Hobbit: The Desolation of Smaug
tt1170404,113576,7319847,7433423,Mere Baap Pehle Aap
tt1171222,21569509,887000,22456509,Baggage Claim
tt1171238,20440,0,20440,The First Basket
tt1172047,86202,0,86202,Crazy Wisdom: The Life & Times of Chogyam Trungpa Rinpoche
tt1172049,1978592,2387868,4366460,Demolition
tt1172066,6892,0,6892,Misconceptions
tt1172068,2547,0,2547,Out of Place: Memories of Edward Said
tt1172069,2377,0,2377,Polar Opposities
tt1172233,13043363,3589672,16633035,Whip It
tt1172523,1582,0,1582,Manuela and Manuel
tt1172570,104979,2155733,2260712,Bronson
tt1172573,22457,0,22457,Incendiary
tt1172957,60630,0,60630,How to Live Forever
tt1172963,569672,6817816,7387488,Lemon Tree
tt1172991,4441272,441305,4882577,The Company Men
tt1172994,101215,0,101215,The House of the Devil
tt1173745,258388,628019,886407,Revanche
tt11737772,445000,549613,994613,Chal Mera Putt 2
tt1174041,197183,234447,431630,Main Aurr Mrs Khanna
tt1174042,41045,0,41045,The Myth of the American Sleepover
tt1174730,6671036,1204826,7875862,City Island
tt1174732,12574914,13521938,26096852,An Education
tt1175491,25534493,3971971,29506464,W.
tt1175506,1190003,1146169,2336172,Me and Orson Welles
tt1175709,582024,1107622,1689646,All Good Things
tt1175713,6035,0,6035,The Family Tree
tt1176244,1755134,448269,2203403,Valentino: The Last Emperor
tt1176251,102704,63184,165888,Gigantic
tt1176740,9451946,5447471,14899417,Away We Go
tt1176960,274589,5807195,6081784,One Two Three
tt1178640,666045,0,666045,Beer for My Horses
tt1178663,5306706,29791109,35097815,Whatever Works
tt1178665,29504281,7956993,37461274,A Walk in the Woods
tt1179031,427418,1120212,1547630,Cold in July
tt1179034,24077427,28749167,52826594,From Paris with Love
tt1179056,63075011,52589026,115664037,A Nightmare on Elm Street
tt1179258,2715657,6650570,9366227,Chï¿½ï
tt1179891,51545952,49188766,100734718,My Bloody Valentine
tt1179904,107918810,85436990,193355800,Paranormal Activity
tt1179933,72082998,38134000,110216998,10 Cloverfield Lane
tt1179947,92234,0,92234,American: The Bill Hicks Story
tt1180311,4362,0,4362,The Flower of Kim Jong II
tt1180346,145642,49724,195366,One Day You'll Understand
tt1181614,100915,1641300,1742215,Wuthering Heights
tt1181791,22554,242764,265318,Black Death
tt1182345,5010163,4749941,9760104,Moon
tt1182350,3248246,31027741,34275987,You Will Meet a Tall Dark Stranger
tt1182908,487215,6786866,7274081,Krazzy 4
tt1182937,2078956,27835513,29914469,Rab Ne Bana Di Jodi
tt1182972,702166,10684264,11386430,Bachna Ae Haseeno
tt1183251,32917,4355646,4388563,Beyond a Reasonable Doubt
tt1183252,14845,3164169,3179014,Chocolate
tt1183374,8004,13999,22003,Pet
tt1183665,29683,39229,68912,Cracks
tt1183672,208023,97117,305140,The Girl on the Train
tt1183697,12069,0,12069,Sex Positive
tt1183919,1413480,2429439,3842919,Marley
tt1183923,158898,158484,317382,Welcome to the Rileys
tt1185242,6783,0,6783,Finding Bliss
tt1185251,54640,0,54640,In a Dream
tt1185344,883887,0,883887,Princess Kaiulani
tt1185371,7000,0,7000,Corman's World: Exploits of a Hollywood Rebel
tt1185405,89521,0,89521,Throw Down Your Heart
tt1185412,527193,277269,804462,Veer
tt1185416,32680633,10362202,43042835,When in Rome
tt1185418,801606,0,801606,The Wrecking Crew!
tt1185420,1243910,16535610,17779520,Dostana
tt1185431,2479538,546734,3026272,My One and Only
tt1185442,754268,707343,1461611,Kurbaan
tt1185616,2283849,8842000,11125849,Waltz with Bashir
tt1185833,44803,0,44803,Pressure Cooker
tt1185834,35161554,33121290,68282844,Star Wars: The Clone Wars
tt1185836,2277396,272209,2549605,Adam
tt1186238,21816,0,21816,The Matador
tt1186248,5430,0,5430,Nights and Weekends
tt1186367,38122883,23478397,61601280,Ninja Assassin
tt1186369,338795,4784881,5123676,Lorna's Silence
tt1186370,250618,11782365,12032983,Spread
tt1186830,619423,38422082,39041505,Agora
tt1187041,26676,0,26676,The Answer Man
tt1187043,6532874,4208189,10741063,3 Idiots
tt1187044,576608,1056397,1633005,The Maid
tt1187354,39456,0,39456,Refusenik
tt1188729,10330853,10314474,20645327,Pandorum
tt1188982,1264515,858289,2122804,Jai Ho
tt1188983,107612,3574042,3681654,Inspector Bellamy
tt1188996,4018771,38326589,42345360,My Name Is Khan
tt1189073,3185812,27656541,30842353,The Skin I Live In
tt1189076,3457,8987,12444,Ricky
tt1189259,10687,21136,31823,The Pleasure of Being Robbed
tt1189340,58009200,17000000,75009200,The Lincoln Lawyer
tt1190080,166112167,603567306,769679473,2012
tt1190536,242578,53979,296557,Black Dynamite
tt1190537,64698,0,64698,Bloodline
tt11905962,18853,0,18853,Sputnik
tt1190617,7013191,0,7013191,An American Carol
tt1190858,627436,1548868,2176304,Amreeka
tt1191111,336467,417782,754249,Enter the Void
tt1191138,365401,7265611,7631012,Thoda Pyaar Thoda Magic
tt1192620,28682,241528,270210,Call of the Wild
tt1192628,123477607,122246996,245724603,Rango
tt1193088,46714,14468051,14514765,Change of Plans
tt1193138,83823381,83019358,166842739,Up in the Air
tt1193630,8030,0,8030,Reunion
tt1193631,42400223,116891586,159291809,Step Up 3D
tt1194127,31272,0,31272,Hats Off
tt1194173,113203870,162940880,276144750,The Bourne Legacy
tt1194263,9176933,518349,9695282,Get Low
tt1194417,1042959,40724,1083683,Casino Jack
tt1194606,2070,0,2070,Murder Dot Com
tt1194608,6437,1450449,1456886,Ek Vivaah... Aisa Bhi
tt1194612,55366,0,55366,Into Eternity
tt1195478,28835528,25074223,53909751,The Five-Year Engagement
tt1196134,88335,0,88335,Crazy on the Outside
tt1196141,64003625,11696873,75700498,Diary of a Wimpy Kid
tt1196165,20099,0,20099,Harmony and Me
tt1196340,4115,50974,55089,Inhale
tt1196601,25844,0,25844,Caesar and Otto's Summer Camp Massacre
tt1196672,54645,0,54645,The Nature of Existence
tt1196707,19712,0,19712,Trying to Get Good: The Jazz Odyssey of Jack Sheldon
tt1196948,11650,432340,443990,Charlie Countryman
tt1196956,101196,10799238,10900434,One Chance
tt1197624,73357727,53332999,126690726,Law Abiding Citizen
tt1197628,24007324,2966230,26973554,Observe and Report
tt1198101,1685269,1301479,2986748,Kites
tt1198122,35000,0,35000,Bon Jovi: Lost Highway - The Concert
tt1198138,68261644,5568696,73830340,Obsessed
tt1198156,11486,883478,894964,You're Not You
tt1198405,275497,279,275776,Morning Light
tt1200272,1062941,0,1062941,La Mission
tt1201167,51855045,19730190,71585235,Funny People
tt1201607,381011219,960500000,1341511219,Harry Potter and the Deathly Hallows: Part 2
tt1202163,1013,0,1013,Confessionsofa Ex-Doofus-ItchyFooted Mutha
tt1202203,90066,0,90066,Pray the Devil Back to Hell
tt1202540,644046,484165,1128211,Dil Bole Hadippa!
tt1202566,25108,0,25108,Gotta Dance
tt1202576,2992,0,2992,Run for Your Life
tt1202579,98548,0,98548,Under Our Skin
tt1204298,50804,146,50950,Gunnin' for That #1 Spot
tt1204340,22321,653790,676111,Tyrannosaur
tt1204342,88631237,76553000,165184237,The Muppets
tt1204773,102042,2532420,2634462,Everyone Else
tt1204975,63914167,70488283,134402450,Last Vegas
tt1204977,50856010,52734261,103590271,Ouija
tt1205489,148095302,121862926,269958228,Gran Torino
tt1205537,50577412,84926336,135503748,Jack Ryan: Shadow Recruit
tt1206483,136163,1753706,1889869,Labios rojos
tt1206488,10462,1543515,1553977,The Milk of Sorrow
tt1206543,11330849,4103526,15434375,Out of the Furnace
tt1206885,44819352,46671001,91490353,Rambo: Last Blood
tt1209364,21648,0,21648,Toe to Toe
tt1210039,109383,0,109383,Blood Done Sign My Name
tt1210042,27163593,9276608,36440201,Brooklyn's Finest
tt1210071,9069,0,9069,The Janky Promoters
tt1210166,75605492,34600724,110206216,Moneyball
tt1210819,89302115,171200000,260502115,The Lone Ranger
tt1211837,232641920,445076475,677718395,Doctor Strange
tt1211890,236806,0,236806,Middle of Nowhere
tt1211956,25135965,112192336,137328301,Escape Plan
tt1212007,40492,0,40492,The Dhamma Brothers
tt1212419,32746941,72450694,105197635,Hereafter
tt1212428,8580410,10683528,19263938,The Lost City of Z
tt1212436,37490007,39987001,77477008,The Back-up Plan
tt1212443,32961,0,32961,Spoken Word
tt1212450,37400127,16276453,53676580,Lawless
tt1212451,16880,0,16880,April Showers
tt1212454,1279,49859,51138,An Invisible Sign
tt1212909,54058,0,54058,Broken Hill
tt1212974,17365,182071,199436,Bitch Slap
tt1213012,25107267,25400000,50507267,Alpha and Omega
tt1213585,4157223,5912,4163135,Good Hair
tt1213641,44936545,60760870,105697415,First Man
tt1213644,14190901,20625923,34816824,Disaster Movie
tt1213648,16075,4628033,4644108,London Boulevard
tt1213663,26004851,20084436,46089287,The World's End
tt1213672,347328,0,347328,Billy: The Early Years
tt1213832,26042,0,26042,Nursery University
tt1213926,71239,0,71239,The Sicilian Girl
tt1213929,11710,0,11710,White Wedding
tt1214962,411746,11944052,12355798,Seeking Justice
tt1215458,48996,0,48996,Box Elder
tt1216475,191452396,368400000,559852396,Cars 2
tt1216487,7638241,59488554,67126795,The Girl Who Played with Fire
tt1216491,2450846,2768127,5218973,Kill the Messenger
tt1216492,25918920,6688396,32607316,Leap Year
tt1216496,551509,16561204,17112713,Mother
tt1217209,237283207,301700000,538983207,Brave
tt1217259,3763,0,3763,In/Significant Others
tt1217578,10289,0,10289,Vanished Empire
tt1217613,83552429,128266925,211819354,Battle Los Angeles
tt1217616,9645,16615,26260,Endgame
tt1219289,79249455,82600000,161849455,Limitless
tt1219342,55675313,84398077,140073390,Legend of the Guardians: The Owls of Ga'Hoole
tt1219827,40563557,129238364,169801921,Ghost in the Shell
tt1219828,22464,0,22464,Happy Tears
tt1220198,25486040,22223153,47709193,The Fourth Kind
tt1220213,8297,0,8297,Grace
tt1220214,3697,0,3697,Heartless
tt1220220,93388,632966,726354,Motherhood
tt1220628,1429299,0,1429299,I Hope They Serve Beer in Hell
tt1220634,60128566,240099518,300228084,Resident Evil: Afterlife
tt1220888,102541,102399,204940,Henry's Crime
tt1221141,100177,205589,305766,The Headless Woman
tt1221208,706546,0,706546,Frankie & Alice
tt1222330,12831,0,12831,The Art of Being Straight
tt1222815,28972764,5851000,34823764,Chimpanzee
tt1222817,80360843,89491916,169852759,Zookeeper
tt1223082,89507,0,89507,Oy Vey! My Son Is Gay!!
tt1223150,20521,0,20521,Walt & El Grupo
tt1223236,15428747,15429000,30857747,African Cats
tt1223411,34005,0,34005,Bert Stern: Original Madman
tt1223975,20677,666729,687406,Tony Manero
tt1224153,60379,845221,905600,Jerichow
tt1224366,3911,46060,49971,Afterschool
tt1225296,64536,90620,155156,Service
tt1225822,10823158,25625,10848783,Extract
tt1226229,60974475,30287004,91261479,Get Him to the Greek
tt1226232,114766,359363,474129,The Greatest
tt1226236,5005465,5901103,10906568,I Am Love
tt1226240,1562548,4741161,6303709,A Late Quartet
tt1226271,449865,3641513,4091378,The Damned United
tt1226273,43313890,37810239,81124129,Edge of Darkness
tt1226681,3865,28253,32118,Pontypool
tt1226753,31177548,14458820,45636368,The Debt
tt1226774,2388804,5398683,7787487,In the Loop
tt1226837,7649973,8986631,16636604,Beautiful Boy
tt12274228,30901,0,30901,Rent-A-Pal
tt1227787,7200,0,7200,London River
tt1227929,194721,0,194721,Herb & Dorothy
tt1228705,312433331,311500000,623933331,Iron Man 2
tt1228953,234540,0,234540,Big Fan
tt1228987,12134935,12010678,24145613,Let Me In
tt1229238,209397903,485315477,694713380,Mission: Impossible - Ghost Protocol
tt1229340,127352707,46297224,173649931,Anchorman 2: The Legend Continues
tt1229360,1610163,286081,1896244,It Might Get Loud
tt1229366,110240,347100,457340,Life Partner
tt1229381,96933,3298780,3395713,Outside the Law
tt1229390,100304,289528,389832,Shortkut - The Con Is On
tt1229822,11242660,23467967,34710627,Jane Eyre
tt1229827,19162740,4024220,23186960,Jonas Brothers: The 3D Concert Experience
tt1230130,26748,0,26748,Earth Days
tt1230155,14271,0,14271,Nobody
tt1230168,6423605,0,6423605,Same Kind of Different as Me
tt1230215,610792,25607,636399,Not Fade Away
tt1230414,112735375,106368280,219103655,It's Complicated
tt1230448,754928,7279869,8034797,Billu
tt1231580,219614612,223525393,443140005,Alvin and the Chipmunks: The Squeakquel
tt1231583,100539043,111241781,211780824,Due Date
tt1231586,200227,1169258,1369485,A Good Old Fashioned Orgy
tt1231587,50287556,14284706,64572262,Hot Tub Time Machine
tt1232200,36931089,20788004,57719093,That's My Boy
tt1232207,14363397,3073112,17436509,Capitalism: A Love Story
tt1232776,374675,1983177,2357852,Fish Tank
tt1232783,11965282,15240838,27206120,Sorority Row
tt1232790,32677,490740,523417,Of Time and the City
tt1232829,138447667,63137661,201585328,21 Jump Street
tt1233192,229653,1599367,1829020,Brighton Rock
tt1233227,27693292,40540337,68233629,Saw VI
tt1233334,769552,0,769552,Pariah
tt1233381,41343,37459,78802,Three Monkeys
tt1233611,52467,0,52467,Visual Acoustics
tt1234240,21679,0,21679,Antarctica
tt1234548,32428195,36540493,68968688,The Men Who Stare at Goats
tt1234654,4234170,1919797,6153967,Greenberg
tt1234719,44806783,6143513,50950296,Red Dawn
tt1234721,58607007,184081958,242688965,RoboCop
tt1235058,2762,0,2762,The Blue Tooth Virgin
tt1235142,6853,0,6853,Last Ride
tt1235166,2087720,15785971,17873691,A Prophet
tt1235168,706,0,706,Redneck Carnage
tt1235170,568662,318510,887172,The Future
tt1235187,67743,60526,128269,Where Hands Touch
tt1235189,108589,3344454,3453043,Wild Target
tt1235200,6780,0,6780,Mercy
tt1235450,172225,11278,183503,Youssou Ndour: I Bring What I Love
tt1235522,19701164,15036035,34737199,Broken City
tt1235790,154521,484,155005,Magic Trip: Ken Kesey's Search for a Kool Place
tt1235796,550472,1094283,1644755,Ondine
tt1235830,350524,1883933,2234457,Chico & Rita
tt1235841,2377,1005739,1008116,Sidewalls
tt1236371,110507,14911,125418,Mysteries of Lisbon
tt1237838,89442,0,89442,Mystery Team
tt1238291,15676,268870,284546,Five Minutes of Heaven
tt1238298,2892,0,2892,"On the Other Hand, Death"
tt1239285,33216,131320,164536,Around a Small Mountain
tt1239427,153148,0,153148,Brothers at War
tt1240982,21596445,3260033,24856478,Your Highness
tt1241226,3496,0,3496,Locker 13
tt1241316,18000,0,18000,Dare
tt1241326,1698,4323,6021,On the Rumba River
tt1242432,93051,479758,572809,I Spit on Your Grave
tt1242460,1738692,4300250,6038942,We Need to Talk About Kevin
tt1242530,257868,57013,314881,What's Your Raashee?
tt1242545,55804,11499521,11555325,Looking for Eric
tt1242599,168226,4709,172935,Bellflower
tt1242782,149333,259865,409198,Luck
tt1243957,67631157,210715032,278346189,The Tourist
tt1243974,21067116,5182904,26250020,Aloha
tt1244659,12068313,3065980,15134293,Extraordinary Measures
tt1244668,276901,17595895,17872796,Soul Kitchen
tt1244754,6783129,2926926,9710055,Conviction
tt1245112,27766,18469680,18497446,[Rec] 2
tt1245358,3119,802164,805283,My Year Without Sex
tt1245369,20169,0,20169,A Wink and a Smile
tt1245492,101470202,24571120,126041322,This Is the End
tt1245526,90380162,108626225,199006387,RED
tt1247397,3944,0,3944,Just Say Love
tt1247640,36136,16153,52289,District 13: Ultimatum
tt1247644,77389,0,77389,Breaking Upwards
tt1247662,100688,0,100688,The Good Guy
tt1247667,139034,82556,221590,High School
tt1247690,176391,4899231,5075622,Serena
tt1247692,189621,113810,303431,Shrink
tt1247696,1963,0,1963,The Temptation of St. Tony
tt1247704,18000,0,18000,Women in Trouble
tt1249443,2240,0,2240,You Wont Miss Me
tt1250777,48071303,48117600,96188903,Kick-Ass
tt1250861,13080,0,13080,Under the Boardwalk: The Monopoly Story
tt1251743,28468,60714,89182,Salvation Boulevard
tt1251754,4816,0,4816,Ferlinghetti: A Rebirth of Wonder
tt1251757,754301,0,754301,Middle Men
tt12519206,25488,0,25488,Unsubscribe
tt1252298,52296,0,52296,The Human Experience
tt1252486,26931,0,26931,The Garden
tt1252595,1780,0,1780,Ghosted
tt1253853,18335,0,18335,"Live Fast, Die Young"
tt1253863,106580051,231000000,337580051,300: Rise of an Empire
tt1253864,83504017,143400000,226904017,Immortals
tt1254696,16392,0,16392,Splinterheads
tt1254978,4171,0,4171,Daylight
tt1255919,30573626,9893344,40466970,Holmes & Watson
tt1255951,944979,1040444,1985423,De Dana Dan
tt1255953,2071334,1477434,3548768,Incendies
tt1257562,5006,57462,62468,Hadewijch
tt1258120,37031,1162846,1199877,Army of Crime
tt1258972,15634090,4087155,19721245,The Man with the Iron Fists
tt1258998,15003,0,15003,The Tenant
tt1259014,551697,21093,572790,Mesrine Part 1: Killer Instinct
tt1259521,42073277,27862323,69935600,The Cabin in the Woods
tt1259528,44947622,35562000,80509622,Den of Thieves
tt1259571,296623634,413203828,709827462,The Twilight Saga: New Moon
tt1259574,151644,0,151644,Red Riding: The Year of Our Lord 1974
tt1260565,173828,0,173828,Passport to Love
tt1261889,20279,0,20279,The Korean
tt1261945,95347692,193000000,288347692,Sex and the City 2
tt1261954,15760,0,15760,Take Me Home
tt1262046,95865,578,96443,Louise Bourgeois
tt1262416,38180928,58957758,97138686,Scream 4
tt1262863,60332,0,60332,Boogie Man: The Lee Atwater Story
tt1262941,4000,0,4000,Pickin' & Grinnin'
tt1262981,221805,0,221805,World's Greatest Dad
tt1263670,39464306,7941260,47405566,Crazy Heart
tt1263682,67665,0,67665,Happy Valley
tt1264074,31160,527329,558489,The Wedding Song
tt1264115,19753,0,19753,The Trial
tt1265990,37300000,3192652,40492652,The Roommate
tt1266029,1457248,5120531,6577779,Nowhere Boy
tt1266093,2122,0,2122,NoBody's Perfect
tt1266583,16407,1186636,1203043,Mumbai Meri Jaan
tt1266615,28336,0,28336,Breakdance Academy
tt1267297,72688614,172131248,244819862,Hercules
tt1268175,1311,0,1311,America Betrayed
tt1268204,187716,88690,276406,Waste Land
tt1268799,35061031,326181,35387212,A Very Harold & Kumar 3D Christmas
tt1268962,1403,0,1403,Drool
tt1269696,210625,0,210625,La soga
tt1270262,1361512,4366701,5728213,The Devil's Double
tt1270277,13826,0,13826,Sympathy for Delicious
tt1270286,3777210,47658,3824868,To Save a Life
tt1270494,10357,0,10357,Zero Bridge
tt1270761,24046682,12946486,36993168,Don't Be Afraid of the Dark
tt1270797,213515506,642569645,856085151,Venom
tt1270798,146408305,206208385,352616690,X-Men: First Class
tt1270835,52604,103586,156190,Hatchet II
tt1270842,13000,17623261,17636261,Norwegian Wood
tt1272051,14408,8300000,8314408,Space Dogs
tt1272878,75612460,56327951,131940411,2 Guns
tt1273219,3558,0,3558,The Last Film Festival
tt1273221,252676,234744,487420,London Fields
tt1273241,19722,12694,32416,Brotherhood
tt1273678,24307086,20929457,45236543,The Spy Next Door
tt1274295,1291827,577153,1868980,Kaminey
tt1274300,277943,68651,346594,The Tempest
tt1275863,2430083,18364902,20794985,Love Aaj Kal
tt1276104,66486205,110020614,176506819,Looper
tt1276105,102645,9086,111731,Saint John of Las Vegas
tt1276419,1546761,6047932,7594693,A Royal Affair
tt1276962,39192,0,39192,How to Make Money Selling Drugs
tt1276996,30050,0,30050,The Windmill Movie
tt1277728,675299,8708045,9383344,Mid-August Lunch
tt1277736,207121,47461,254582,Soul Power
tt1277737,637421,452839,1090260,The Stoning of Soraya M.
tt1277936,52476,0,52476,Cropsey
tt1277938,4970,140617,145587,Daytime Drinking
tt1277953,216391482,530529792,746921274,Madagascar 3: Europe's Most Wanted
tt1278340,46742,1937920,1984662,Dead Snow
tt1278379,541992,77578,619570,Jack Goes Boating
tt1278447,1954,0,1954,Sikandar
tt1278449,24565,216507,241072,Sound of Noise
tt1279083,120712,0,120712,Examined Life
tt1279111,8350,0,8350,Stealing America: Vote by Vote
tt1279935,98711404,53552476,152263880,Date Night
tt1280011,100028,16321,116349,No Impact Man: The Documentary
tt1280015,3644,0,3644,Smash His Camera
tt1280725,19908,0,19908,Wedding Palace
tt1281374,13722,0,13722,Don McKay
tt1281951,13689,27081,40770,Laila's Birthday
tt1282046,78948,0,78948,Fort McCoy
tt1282140,58401464,16550841,74952305,Easy A
tt1282153,50135,97038,147173,The Strange Case of Angelica
tt1284575,100292856,115904636,216197492,Bad Teacher
tt1284592,30070,6029,36099,Teza
tt1284596,30328,0,30328,Walking on Dead Fish
tt1285009,24586708,6452418,31039126,The Strangers: Prey at Night
tt1285016,96962694,127957621,224920315,The Social Network
tt1285162,1093,0,1093,Fall of Hyperion
tt1285241,3680306,3233212,6913518,Don 2
tt1285246,531685,4745439,5277124,Mademoiselle Chambon
tt1285252,66903,0,66903,Allah Made Me Funny: Live in Concert
tt1285309,1475746,5546982,7022728,The Joneses
tt1286537,4417674,188525,4606199,"Food, Inc."
tt1286798,306140,63602,369742,Unmistaken Child
tt1286800,268431,0,268431,Harvard Beats Yale 29-29
tt1286821,950675,9712,960387,More Than a Game
tt1287468,43585753,68898011,112483764,Cats & Dogs: The Revenge of Kitty Galore
tt1287878,356149,1874491,2230640,Poetry
tt1288376,19631,1052783,1072414,When We Leave
tt1288553,15387,0,15387,The Beautiful Truth
tt1288558,54239856,43303096,97542952,Evil Dead
tt1289401,128350574,100796935,229147509,Ghostbusters
tt1289406,1818681,8511066,10329747,Harry Brown
tt1289419,2595644,0,2595644,N-Secure
tt1289783,697,0,697,It's Hard Being Loved by Jerks
tt1290082,48381,0,48381,"Lebanon, Pa."
tt1290138,9188,0,9188,Frank & Lola
tt1291150,191204754,293800000,485004754,Teenage Mutant Ninja Turtles
tt1291465,1514558,11089666,12604224,Raajneeti
tt1291549,33042,0,33042,Meet Monica Velour
tt1291584,13657115,9400000,23057115,Warrior
tt1291652,205741,8164015,8369756,Snabba cash
tt1292566,46843513,65500000,112343513,How to Be Single
tt1292648,3164,836258,839422,Plastic Planet
tt1292655,9811,0,9811,The River Within
tt1292703,80037,1896831,1976868,Oye Lucky! Lucky Oye!
tt1293751,18164,4333,22497,Casting By
tt1293847,44898413,301219864,346118277,xXx: Return of Xander Cage
tt1294136,1981,53637,55618,As Good as Dead
tt1294161,25572,0,25572,The Exploding Girl
tt1294164,32465,0,32465,Fuel
tt1294182,32208,0,32208,Living in Emergency
tt1294213,4360548,818034,5178582,Solitary Man
tt1294226,62950384,26091272,89041656,The Last Song
tt1294688,99000,7644937,7743937,Last Night
tt1295068,73544,0,73544,Prodigal Sons
tt1296373,40557,0,40557,The FP
tt1296898,25517,0,25517,Waiting for Forever
tt12971924,434302,0,434302,The Call
tt1297921,11000,0,11000,Christina
tt1298554,16738,0,16738,Eva
tt1298644,35417038,59600000,95017038,The Hustle
tt1298649,35353000,32914862,68267862,The Watch
tt1298650,241071802,804642000,1045713802,Pirates of the Caribbean: On Stranger Tides
tt1300155,47305,0,47305,Alabama Moon
tt1300851,10273188,356133,10629321,The Boondock Saints II: All Saints Day
tt1300854,409013994,805797258,1214811252,Iron Man 3
tt1301130,215185,0,215185,Call + Response
tt1301990,46029,0,46029,Every Day
tt1302001,24657,0,24657,Harvest
tt1302011,165249063,500443218,665692281,Kung Fu Panda 2
tt1302067,100246011,101338130,201584141,Yogi Bear
tt1303803,531806,0,531806,Standing Ovation
tt1303821,5386,0,5386,Whiz Kids
tt1303828,44462,0,44462,Defendor
tt1305583,20255281,1153747,21409028,Our Family Wedding
tt1305587,14034,0,14034,Ghetto Physics
tt1305591,21392758,17600000,38992758,Mars Needs Moms
tt1305592,9166,0,9166,Robert Blecker Wants Me Dead
tt1305806,6391436,27573843,33965279,The Secret in Their Eyes
tt1306972,246649,0,246649,Enlighten Up!
tt1306980,35014192,4173591,39187783,50/50
tt1307068,7078738,2557551,9636289,Seeking a Friend for the End of the World
tt1307858,7995,0,7995,All About Evil
tt1307861,5529,0,5529,American Grindhouse
tt1307926,180237,0,180237,Go for It!
tt1308165,11445,1394,12839,The Taqwacores
tt1308728,20706452,6800000,27506452,The Happytime Murders
tt1308729,9489829,12457380,21947209,Bullet to the Head
tt1308756,61018,0,61018,Independent Lens: Don't Stop Believin': Everyman's Journey
tt13100448,404489,67787,472276,Stevie Nicks 24 Karat Gold the Concert
tt1311060,175705,0,175705,A.C.O.D.
tt1311067,33392973,6028494,39421467,Halloween II
tt1311071,1030064,847860,1877924,Kill Your Darlings
tt1311075,64014,328974,392988,The Human Resources Manager
tt1312254,19411,0,19411,Skateland
tt1313092,1044039,5749943,6793982,Animal Kingdom
tt1313104,857005,305417,1162422,The Cove
tt1313139,366377,1950594,2316971,The Oranges
tt1314190,43073,0,43073,3 Backyards
tt1314228,29580087,55700163,85280250,Did You Hear About the Morgans?
tt1314652,157961,14617654,14775615,The Housemaid
tt1314655,33601190,29094299,62695489,Devil
tt1315350,11362,25103,36465,Cherry
tt1315962,176113,894264,1070377,Leaving
tt1315981,9176000,15788890,24964890,A Single Man
tt1316540,56391,105697,162088,The Turin Horse
tt1316616,1069334,3303308,4372642,There Be Dragons
tt1316622,8020,221512,229532,Wrecked
tt1318001,13500,0,13500,Handsome Harry
tt1318022,2961,154835,157796,Altiplano
tt1318514,176760185,305040688,481800873,Rise of the Planet of the Apes
tt1318517,391963,1909467,2301430,The Man Who Killed Don Quixote
tt1319569,15925,2170791,2186716,Home
tt1319645,1181,1428454,1429635,Food Beware: The French Organic Revolution
tt1319722,96868,0,96868,A Little Help
tt1319726,453993,0,453993,The Most Dangerous Man in America: Daniel Ellsberg and the Pentagon Papers
tt1319744,282448,4009,286457,The Interrupters
tt1320082,657986,40488365,41146351,The Concert
tt1320103,4029,0,4029,Morning
tt1320239,4833,4344354,4349187,Burke and Hare
tt1320244,41034350,26703740,67738090,The Last Exorcism
tt1320253,103068524,171401870,274470394,The Expendables
tt1320261,42779261,194603463,237382724,Gulliver's Travels
tt1321332,12095,0,12095,The Kids Grow Up
tt1321509,42739347,6311539,49050886,Death at a Funeral
tt1321511,2193658,2667364,4861022,Oldboy
tt1321860,970816,6322889,7293705,The Beaver
tt1321865,145526,726654,872180,Carlos
tt1321870,46000903,59200000,105200903,Gangster Squad
tt1322264,11777,0,11777,The Dry Land
tt1322269,37738810,36450127,74188937,August: Osage County
tt1322282,11183,0,11183,Children of Invention
tt1322312,17804299,24248458,42052757,Going the Distance
tt1322313,88097,8618,96715,Sunshine Superman
tt1322362,11861,0,11861,Revenge of the Mekons
tt1322393,1004105,0,1004105,Faith of Our Fathers
tt1323045,246176,2904910,3151086,Frozen
tt1323594,251513985,291600000,543113985,Despicable Me
tt13236202,9589,3602010,3611599,Twiceborn
tt1324055,312187,30332,342519,The Mill and the Cross
tt1324059,718766,3559315,4278081,Wake Up Sid
tt1324078,24625,29423,54048,Kal Kissne Dekha
tt1324999,281287133,430918723,712205856,The Twilight Saga: Breaking Dawn - Part 1
tt1325004,300531751,397959596,698491347,The Twilight Saga: Eclipse
tt1326204,170295,15586,185881,Crude
tt1326259,29893,0,29893,Saint Misbehavin': The Wavy Gravy Movie
tt1326283,27253,186217,213470,Jane's Journey
tt1326733,544890,0,544890,The Art of the Steal
tt1326831,26185,0,26185,October Country
tt1326900,106542,0,106542,The Way We Get By
tt1326954,38244,75548,113792,Oh My God
tt1327035,18613,4029356,4047969,Dev.D
tt1327194,60457138,38900000,99357138,The Lucky One
tt1327628,31420,166512,197932,Whores' Glory
tt1327726,54305,0,54305,Harlan: In the Shadow of Jew Suess
tt1327773,116632095,59966813,176598908,Lee Daniels' The Butler
tt1327820,8979,231908,240887,Brotherhood
tt1328634,997437,938383,1935820,New York
tt1328913,515065,0,515065,Preacher's Kid
tt1329457,233007,11987449,12220456,Gainsbourg: A Heroic Life
tt1331025,3820067,2622233,6442300,The September Issue
tt1331064,1274062,22909,1296971,Paper Heart
tt1331115,49852,243018,292870,Pianomania
tt1332100,24140,0,24140,The Big Gay Musical
tt1332134,7615,4171990,4179605,King of Devil's Island
tt1333125,8840453,23598535,32438988,Movie 43
tt1333591,10960,0,10960,Wallander: Hï¿½ï¿½ï
tt1333634,51672,71805,123477,Burma VJ: Reporting from a Closed Country
tt1333667,246078,900926,1147004,When You're Strange
tt1333668,156612,0,156612,The Horse Boy
tt1334260,2434652,7020580,9455232,Never Let Me Go
tt1334470,708726,647735,1356461,Raavan
tt1334479,1134623,0,1134623,"Yoo-Hoo, Mrs. Goldberg"
tt1334510,102115,10794,112909,Afghan Star
tt1334512,33035397,12700000,45735397,Arthur
tt1334537,407377,66603,473980,Humpday
tt1334553,48764,402121,450885,The Perfect Host
tt1335975,38362475,113421364,151783839,47 Ronin
tt1336106,136815,0,136815,Slaughter Creek
tt1336608,38518613,20900000,59418613,Rock of Ages
tt1336617,7468936,2454919,9923855,Cyrus
tt1337051,53206,68771,121977,"Police, Adjective"
tt1337137,198600,65940,264540,South of the Border
tt1337139,853,0,853,45365
tt1337155,19245,0,19245,Neshoba
tt1337193,35556,0,35556,Guy and Madeline on a Park Bench
tt1338687,29316,0,29316,The Topp Twins: Untouchable Girls
tt1339043,9955,0,9955,Act of God
tt1339161,83451,125024,208475,The Robber
tt1339268,46590,0,46590,Beeswax
tt1339588,27908,2124,30032,Desbocados
tt1339635,32308,0,32308,Beetle Queen Conquers Tokyo
tt1340107,1008098,8621728,9629826,In a Better World
tt1340138,89760956,350842581,440603537,Terminator Genisys
tt1340773,11514,0,11514,Elektra Luxx
tt1340800,24149393,56481215,80630608,Tinker Tailor Soldier Spy
tt1341167,304616,4353954,4658570,Four Lions
tt1341188,30212620,18456287,48668907,How Do You Know
tt1341341,22270,25904,48174,Ceremony
tt1342378,2201,72,2273,The Girl
tt1342403,64918,0,64918,Toys in the Attic
tt1343092,144840419,208801476,353641895,The Great Gatsby
tt1343097,5190196,38307912,43498108,The Girl Who Kicked the Hornet's Nest
tt1343110,5240,0,5240,Speed-Dating
tt1343113,1916,0,1916,A Mother's Courage: Talking Back to Autism
tt1343362,213525,22452,235977,Do Knot Disturb
tt1343727,13414714,22211811,35626525,Dredd
tt1344315,28563,0,28563,Garbo: The Spy
tt1344337,13569,5719,19288,Reuniting the Rubins
tt1345836,448139099,632902188,1081041287,The Dark Knight Rises
tt1346961,133411,26441,159852,The Eclipse
tt1348318,2968,1608,4576,Protector
tt1349451,105018,70688,175706,Butter
tt1349485,4254,0,4254,The Knife of Don Juan
tt1351105,52387,0,52387,Breath Made Visible: Anna Halprin
tt1351133,15379,0,15379,Dumbstruck
tt1351685,65187603,132500000,197687603,Jack the Giant Slayer
tt1352824,3075255,8627387,11702642,Chloe
tt1352852,194533,22635,217168,The Yes Men Fix the World
tt1354687,101170,0,101170,Feed the Fish
tt1355623,33490,5206,38696,Bluebeard
tt1355630,50474843,27800000,78274843,If I Stay
tt1355631,15436808,5574302,21011110,The Infiltrator
tt1355638,23392,3711407,3734799,The Rabbi's Cat
tt1355644,100014699,203129453,303144152,Passengers
tt1355683,62575678,37200000,99775678,Black Mass
tt1356763,87727,0,87727,Exporting Raymond
tt1356790,81497,34242,115739,I Am Divine
tt1356864,408983,159980,568963,I'm Still Here
tt1356928,144022,335260,479282,Father of My Children
tt1360860,470760,0,470760,About Elly
tt1361313,453377,4490,457867,The Extra Man
tt1361835,100214,184257,284471,The Silence
tt1362518,113966,0,113966,Ain't in It for My Health: A Film About Levon Helm
tt1363468,7862,0,7862,Zenith
tt1365048,153215,6216148,6369363,3-D Sex and Zen: Extreme Ecstasy
tt1365050,90777,0,90777,Beasts of No Nation
tt1365483,2560,23451,26011,Main Street
tt1365519,58250803,216400000,274650803,Tomb Raider
tt1366338,6303560,8473,6312033,Lowriders
tt1366344,30441326,4500862,34942188,The Sitter
tt1366365,3763583,13100000,16863583,The Cold Light of Day
tt1366409,373420,527227,900647,Miral
tt1368440,353513,3400557,3754070,Branded
tt1368491,108620,392636,501256,Undertow
tt1371081,45874,0,45874,Long Shot: The Kevin Laue Story
tt1371111,27108272,103374596,130482868,Cloud Atlas
tt1371150,34296320,7000000,41296320,This Is Where I Leave You
tt1371155,1095369,11299718,12395087,Made in Dagenham
tt1372686,757195,315407,1072602,Coriolanus
tt1372746,10501,0,10501,Waiting for Armageddon
tt1373156,286409,7090,293499,Karthik Calling Karthik
tt1373406,54805,0,54805,Snowmen
tt1374989,10938134,5467037,16405171,Pride and Prejudice and Zombies
tt1374992,105095,8001380,8106475,Upside Down
tt1375666,292576195,535745837,828322032,Inception
tt1375669,150664,2443359,2594023,Simon & the Oaks
tt1375670,162001186,109429003,271430189,Grown Ups
tt1375789,1579940,1584501,3164441,Race 2
tt1376213,6399,122072,128471,The Adventurer: The Curse of the Midas Box
tt1376233,11740,0,11740,Rid of Me
tt1377278,12038,5271,17309,Defamation
tt1378274,15120,0,15120,Kung Fu Joe
tt1379177,166980,700734,867714,The Disappearance of Alice Creed
tt1379182,110248,273899,384147,Dogtooth
tt1379222,1514942,1200809,2715751,The Double Hour
tt1380279,12358,0,12358,Rebirth
tt1381404,5133027,14500000,19633027,The Company You Keep
tt1384925,18565,76984,95549,Ardor
tt1384927,607,40968,41575,Death of a Superhero
tt1385824,36594,2445478,2482072,13B: Fear Has a New Address
tt1385826,62495645,65373734,127869379,The Adjustment Bureau
tt1385867,44875481,10708323,55583804,Cop Out
tt1385869,741557,0,741557,The Cross
tt1385912,51733921,0,51733921,I Can Do Bad All by Myself
tt1385956,869838,0,869838,Particle Fever
tt1386588,119219978,51212949,170432927,The Other Guys
tt1386683,37743,1787171,1824914,A Somewhat Gentle Man
tt1386697,325100054,421746840,746846894,Suicide Squad
tt1386703,58877969,139589199,198467168,Total Recall
tt1386926,20218,0,20218,Double Take
tt1386932,205675,14856127,15061802,Ip Man 2
tt1389072,24449754,30554136,55003890,Downsizing
tt1389096,3310031,1762623,5072654,Stand Up Guys
tt1389127,45469,911771,957240,Texas Killing Fields
tt1389137,75624550,44457291,120081841,We Bought a Zoo
tt1389139,29747603,910784,30658387,When the Bough Breaks
tt1390398,1561962,0,1561962,"Bless Me, Ultima"
tt1390411,25020758,68900000,93920758,In the Heart of the Sea
tt1390539,549632,156222,705854,The Lost Medallion: The Adventures of Billy Stone
tt1391092,112036,0,112036,Marwencol
tt1391137,60095852,578120,60673972,Why Did I Get Married Too?
tt1391544,5127,2155968,2161095,Dhoondte Reh Jaoge
tt1392170,408010692,286384032,694394724,The Hunger Games
tt1392190,154058340,221100000,375158340,Mad Max: Fury Road
tt1392197,33644788,50117056,83761844,Marmaduke
tt1392214,61002302,61124385,122126687,Prisoners
tt1392744,168643,24271,192914,Chance Pe Dance
tt1392888,2372,0,2372,Daniel and Ana
tt1393742,20183,0,20183,Jesus Henry Christ
tt1393744,8738,0,8738,Only When I Dance
tt1393746,62962,100229867,100292829,Aftershock
tt1394211,4190,0,4190,Helena from the Wedding
tt1395025,698210,663261,1361471,Agent Vinod
tt1396209,50437,0,50437,American Casino
tt1396218,68224452,119137302,187361754,Mr. Popper's Penguins
tt1396221,3669,21934,25603,Passion Play
tt1396226,18295,5424525,5442820,Twice Born
tt1396484,327481748,372900000,700381748,It
tt1396557,181039,0,181039,Winnebago Man
tt1397280,139854287,236287019,376141306,Taken 2
tt1397514,103860290,231400000,335260290,Journey 2: The Mysterious Island
tt1398426,161197785,40437206,201634991,Straight Outta Compton
tt1398949,116037,3892,119929,Blank City
tt1399103,352390543,771403536,1123794079,Transformers: Dark of the Moon
tt1399162,222927,0,222927,Aida
tt1399683,6531503,7265331,13796834,Winter's Bone
tt1401143,236347,3778786,4015133,Rare Exports
tt1401152,63686397,67100000,130786397,Unknown
tt1401621,4550,0,4550,A Boy Called Po
tt1401669,7440,0,7440,The Little Bedroom
tt1402488,64006466,86400000,150406466,Happy Feet Two
tt1403047,5677,5098,10775,Aurora
tt1403144,10035,2924052,2934087,Come Undone
tt1403177,382946,66756,449702,Hesher
tt1403214,24267,1684769,1709036,Paradise: Love
tt1403241,12139,479015,491154,Wolves
tt1403862,159862,0,159862,Sinbad: The Fifth Voyage
tt1403865,171243005,81033922,252276927,True Grit
tt1403981,19068240,36964649,56032889,Remember Me
tt1403988,106524,17296,123820,The Romantics
tt1404573,14319,4750,19069,Daddy Cool: Join the Fun
tt1405365,3094813,546162,3640975,Celeste & Jesse Forever
tt1405500,37729698,17318,37747016,For Colored Girls
tt1406161,8705,13152,21857,I'm Glad My Mother Is Alive
tt1407055,13304,0,13304,Violet Tendencies
tt1407061,21540363,29900,21570263,Just Wright
tt1407065,3838,409197,413035,The Moth Diaries
tt1407084,183920,2382797,2566717,Twelve
tt1407085,255355,452105,707460,Passione
tt1407927,31745,0,31745,180ï¿½ï¿½ï¿
tt1408101,228778661,238586585,467365246,Star Trek Into Darkness
tt1408253,134938200,19530702,154468902,Ride Along
tt1409006,4000,0,4000,Campus Radio
tt1409024,179020854,445005922,624026776,Men in Black 3
tt1410063,311434,2544210,2855644,The Flowers of War
tt1411238,70662220,78565857,149228077,No Strings Attached
tt1411250,42025135,56312160,98337295,Riddick
tt1411664,2529395,999,2530394,Bucky Larson: Born to Be a Star
tt1411697,254464305,332300000,586764305,The Hangover Part II
tt1411704,108085305,75868418,183953723,Hop
tt1411956,57527,0,57527,Sold
tt1412386,46412041,90424115,136836156,The Best Exotic Marigold Hotel
tt1412528,3614896,1427118,5042014,Table 19
tt1413492,45819713,21631102,67450815,12 Strong
tt1413493,33443,0,33443,Making the Boys
tt1413495,7388654,6400000,13788654,Paranoia
tt1413496,150886,386,151272,Revenge of the Electric Car
tt1414368,51301,18955,70256,Over Your Cities Grass Will Grow
tt1414382,25702053,6303195,32005248,You Again
tt1415016,247798,0,247798,Doctor Who: The End of Time: Part One
tt1415269,24554,0,24554,Immigration Tango
tt1415283,29011215,64239906,93251121,Nanny McPhee Returns
tt1416801,1188194,0,1188194,Kill the Irishman
tt1417067,3457,10836,14293,Cirkus Columbia
tt1417075,1041455,4535270,5576725,In Darkness
tt1417592,471334,0,471334,Pearl Jam Twenty
tt1418377,19075290,52079302,71154592,"I, Frankenstein"
tt1418702,60335,0,60335,Limelight
tt1421046,1339911,9918017,11257928,"It's Not You, It's Me"
tt1421048,12971,0,12971,Bloodworth
tt1421051,1785645,12151264,13936909,Somewhere
tt1422032,518017,5292313,5810330,Even the Rain
tt1422119,10824,150286,161110,Spring Fever
tt1422786,11539,0,11539,Ultrasuede: In Search of Halston
tt1423455,62500,0,62500,The Providence Effect
tt1423593,5874,0,5874,The Imperialists Are Still Alive!
tt1423636,18202,0,18202,Torn
tt1423894,4439201,4016256,8455457,Barney's Version
tt1423995,1810078,7669640,9479718,Stone
tt1424062,7376,10473,17849,The Thorn in the Heart
tt1424327,26258,250318,276576,Eyes Wide Open
tt1424361,4029,926,4955,To Die Like a Man
tt1424381,52000688,75232420,127233108,Predators
tt1424432,1612430,6600000,8212430,Senna
tt1425922,7018189,435996,7454185,Black Nativity
tt1426320,6000,0,6000,BearCity
tt1426328,53692,0,53692,Leonie
tt1426329,356582,1229000,1585582,Lovelace
tt1426362,21766,11451,33217,Daddy Longlegs
tt1426371,1350,236085,237435,Little Girl
tt1426378,81768,798169,879937,No One Knows About Persian Cats
tt1426386,12025,0,12025,Lost Angels: Skid Row Is My Home
tt1428459,638144,392926,1031070,We Are Family
tt1428538,55703475,170646274,226349749,Hansel & Gretel: Witch Hunters
tt1428556,190946,121311,312257,"A Woman, a Gun and a Noodle Shop"
tt1429392,31133,0,31133,Small Town Murder Songs
tt1430110,45759,40269,86028,Rapt
tt1430132,132556852,282271394,414828246,The Wolverine
tt1430607,46462469,100957003,147419472,Arthur Christmas
tt1430612,20396829,48500000,68896829,Brick Mansions
tt1430615,20157300,4561915,24719215,Big Miracle
tt1430625,17979,0,17979,Payback
tt1430626,31051126,92002915,123054041,The Pirates! Band of Misfits
tt1431045,363070709,419541446,782612155,Deadpool
tt1431122,285468,368901,654369,No Problem
tt1431181,3205706,16517060,19722766,Another Year
tt1433001,87763,0,87763,The Cartel
tt1433099,66166,0,66166,Dancing Across Borders
tt1433108,23240020,12386938,35626958,Faster
tt1433207,63595,0,63595,The Details
tt1433528,25489,26514,52003,Inferno
tt1433540,165509,30667,196176,A Town Called Panic
tt1433810,576639,102076,678715,Dhobi Ghat
tt1433811,1436900,1991148,3428048,Disconnect
tt1433813,52507086,21680583,74187669,Hubble 3D
tt1433822,4936819,4690673,9627492,The Apparition
tt1433905,120713,30189,150902,All the Best: Fun Begins
tt1436045,802778,16752363,17555141,13 Assassins
tt1436468,5995,0,5995,The Bride & The Grooms
tt1436559,1926,513897,515823,"Love, Wedding, Marriage"
tt1436562,143619809,340246709,483866518,Rio
tt1437235,7924,0,7924,Mugabe and the White African
tt1437357,58132,0,58132,Faust
tt1438176,18302607,22700000,41002607,Fright Night
tt1438216,143480,2438821,2582301,Oranges and Sunshine
tt1438254,31162545,17028159,48190704,Charlie St. Cloud
tt1438298,1017335,694905,1712240,Guzaarish
tt1438535,42925,79339,122264,Film socialisme
tt1439558,66680,0,66680,Max Rose
tt1439562,49001,0,49001,Orgasm Inc.
tt1439572,2959,930393,933352,Perfect Sense
tt1440129,65422625,237602860,303025485,Battleship
tt1440161,15375,1281562,1296937,A Little Bit of Heaven
tt1440180,162138,5626590,5788728,Young Goethe in Love
tt1440232,206088,48325382,48531470,Little White Lies
tt1440266,3524826,11100000,14624826,Pina
tt1440292,467602,397057,864659,Submarine
tt1440345,143979,11647000,11790979,This Must Be the Place
tt1440379,12728,0,12728,Virginia
tt1440728,35606376,32269905,67876281,The American
tt1440732,120462,8182799,8303261,Bel Ami
tt1440770,1391434,81313,1472747,X Games 3D: The Movie
tt1441326,2990625,547821,3538446,Martha Marcy May Marlene
tt1441395,2614251,2766000,5380251,Under the Skin
tt1441912,4430765,562021,4992786,The Way
tt1441937,14471,0,14471,Yuri Gagarin Conspiracy: Fallen Idol
tt1441951,18390117,41130181,59520298,Quartet
tt1441952,9047981,25516670,34564651,Salmon Fishing in the Yemen
tt1441953,1822250,4052633,5874883,Testament of Youth
tt1442519,707945,3244057,3952002,The Hedgehog
tt1445208,1647416,0,1647416,The Letters
tt1445520,2007758,443501,2451259,Footnote
tt1445683,17921,0,17921,Great Directors
tt1446147,30000,0,30000,Cat Run
tt1446192,103412758,203528912,306941670,Rise of the Guardians
tt1446714,126477084,276877385,403354469,Prometheus
tt1447508,757951,8702980,9460931,Peepli
tt1448755,25124966,31258790,56383756,Killer Elite
tt1449283,26692846,23178583,49871429,Winnie the Pooh
tt1450320,4308,0,4308,Days of Grace
tt1450321,34411,8300000,8334411,Filth
tt1450328,369129,0,369129,Mooz-Lum
tt1450330,7825,0,7825,Roadie
tt1450633,12139,0,12139,Back Door Channels: The Price of Peace
tt1452599,2664,0,2664,Restitution
tt1452628,22729,1045953,1068682,Vanishing on 7th Street
tt1453405,268492764,475066843,743559607,Monsters University
tt1454029,169708112,46931000,216639112,The Help
tt1454468,274092705,449100000,723192705,Gravity
tt1455151,666557,13590321,14256878,My Afternoons with Margueritte
tt1455811,541904,498910,1040814,Khatta Meetha
tt1456472,548115,15609760,16157875,We Have a Pope
tt1456606,31982,0,31982,"Rio, I Love You"
tt1456635,4168528,2315435,6483963,Goon
tt1456661,50433,26516816,26567249,Legend of the Fist: The Return of Chen Zhen
tt1456941,4936,16500000,16504936,"Tomorrow, When the War Began"
tt1457767,137400141,182094497,319494638,The Conjuring
tt1458169,30971040,3843062,34814102,Kidnap
tt1458175,21148651,46300000,67448651,The Next Three Days
tt1458939,112791,0,112791,Monster Beach Party
tt1458956,11698,0,11698,One Peace at a Time
tt1459012,539792,3068869,3608661,Love Crime
tt1459052,12008,10361,22369,Picture Me
tt1460646,49480,0,49480,Red Herring
tt1461219,33066,0,33066,Dislecksia: The Movie
tt1462014,53953,0,53953,Surviving Progress
tt1462041,21302340,17200000,38502340,Dream House
tt1462054,2848578,60315,2908893,Letters to God
tt1462411,37466,0,37466,Big Sur
tt1462667,44745,8383891,8428636,The Outrage
tt1462758,1044143,18108337,19152480,Buried
tt1462769,51854875,4157767,56012642,The Odd Life of Timothy Green
tt1462900,6594959,57481777,64076736,The Grandmaster
tt1462901,4556,0,4556,All Is Bright
tt1464174,37915414,44770652,82686066,"Big Mommas: Like Father, Like Son"
tt1464191,48390,11658,60048,Decoding Annie Parker
tt1464540,55100437,94778000,149878437,I Am Number Four
tt1464580,33245,372135,405380,Stake Land
tt1464590,140091,0,140091,The Weathered Underground
tt1465487,504030,10102341,10606371,Heartbreaker
tt1465522,223838,4525678,4749516,Tucker and Dale vs Evil
tt1466072,46380,0,46380,William S. Burroughs: A Man Within
tt1467304,181467,70740,252207,The Human Centipede
tt1468387,814906,0,814906,What If...
tt1468705,8511,112743,121254,Cartas a Elena
tt1469304,58060186,119796565,177856751,Baywatch
tt1470020,29384,0,29384,Redemption Road
tt1470023,8525600,797295,9322895,MacGruber
tt1470024,27813,799,28612,"Tuesday, After Christmas"
tt1470827,237301,4005677,4242978,Monsters
tt1472584,3818664,2453739,6272403,Max Steel
tt1473063,386368,12240056,12626424,The Well-Digger's Daughter
tt1473397,8564,0,8564,Lucky
tt1473832,24252420,187700000,211952420,Bridget Jones's Baby
tt1474276,80768,18353560,18434328,Summer Wars
tt1474889,16613,0,16613,The Freebie
tt1477076,45710178,90440256,136150434,Saw: The Final Chapter
tt1477715,72091016,189092572,261183588,This Is It
tt1477834,335061807,813100000,1148161807,Aquaman
tt1477837,6861102,867834,7728936,Cedar Rapids
tt1477855,6376145,2511458,8887603,Hyde Park on Hudson
tt1478338,169106725,119276798,288383523,Bridesmaids
tt1478839,26395642,7371145,33766787,The Art of Racing in the Rain
tt1478964,1024175,4800000,5824175,Attack the Block
tt1479320,18364,0,18364,Oka!
tt1480295,39881,1031441,1071322,Killing Season
tt1480656,763556,5300000,6063556,Cosmopolis
tt1480658,1632,43972,45604,Eddie: The Sleepwalking Cannibal
tt1481572,216110,637752,853862,Happythankyoumoreplease
tt1482459,214030500,134809816,348840316,The Lorax
tt1482889,13000,0,13000,Jim
tt1482980,10650,0,10650,American Meat
tt1482991,16901,0,16901,Carbon Nation
tt1483010,7137,0,7137,Logan
tt1483013,89107235,197061337,286168572,Oblivion
tt1483324,53837,0,53837,At Middleton
tt1483756,13093,0,13093,The Trouble with Bliss
tt1483831,368088,830093,1198181,Lebanon
tt1484521,14693,0,14693,30 Beats
tt1484522,100280,0,100280,8: The Mormon Proposition
tt1485749,1714,976141,977855,Mr. Pip
tt1485761,6796,0,6796,"No God, No Master"
tt1485796,174340174,260653009,434993183,The Greatest Showman
tt1486185,37662162,51500000,89162162,Red Riding Hood
tt1486190,560391,11350304,11910695,Tamara Drewe
tt1486192,16008272,13649479,29657751,The Raven
tt1486193,17479,299465,316944,5 Days of War
tt1486548,33024,0,33024,Ahead of Time: The Extraordinary Journey of Ruth Gruber
tt1486834,3493000,4354000,7847000,What If
tt1486843,3078,0,3078,Drew: The Man Behind the Poster
tt1487118,1710,1747747,1749457,Chalet Girl
tt1487931,1029,27186346,27187375,Khumba
tt1488555,37081475,38368962,75450437,The Change-Up
tt1489167,9812,0,9812,Down Terrace
tt1489185,20214,0,20214,If I Die Tonight
tt1489887,22680962,2175737,24856699,Booksmart
tt1489889,127440871,89531672,216972543,Central Intelligence
tt1490017,257760692,210300000,468060692,The Lego Movie
tt1490678,43942,0,43942,Granito
tt1490785,1646788,121175,1767963,I Saw the Light
tt1491044,1969193,2583777,4552970,The Iceman
tt1493157,646,0,646,Nature Calls
tt1495823,8242,618846,627088,Korkoro
tt1496005,71158,2148024,2219182,The Tree
tt1496025,62321039,97791632,160112671,Underworld Awakening
tt1496422,693286,660582,1353868,The Paperboy
tt1497874,141358,2698,144056,Cold Weather
tt1498569,163265,2354747,2518012,Restless
tt1499201,854757,761131,1615888,Anjaana Anjaani
tt1499302,202531,0,202531,"Filth to Ashes, Flesh to Dust"
tt1499658,117538559,92300000,209838559,Horrible Bosses
tt1500496,567493,540953,1108446,La Danse: The Paris Opera Ballet
tt1500516,23720,1155956,1179676,Videocracy
tt1500701,7105,0,7105,Domain
tt1502396,61613,82550,144163,Alamar
tt1502397,204417855,221096847,425514702,Bad Boys for Life
tt1502404,10721033,18210368,28931401,Drive Angry
tt1502407,159342015,96143163,255485178,Halloween
tt1502712,56117548,111765333,167882881,Fantastic Four
tt1502714,21527,0,21527,Monogamy
tt1503769,46964,0,46964,Collapse
tt1503774,167508,0,167508,Genius Within: The Inner Life of Glenn Gould
tt1503776,10000,0,10000,"Hugh Hefner: Playboy, Activist and Rebel"
tt1503777,651,289457,290108,Illï¿½ï¿
tt1504319,40294,121325,161619,Road to Nowhere
tt1504320,138797449,275445009,414242458,The King's Speech
tt1504429,34525,836715,871240,Hideaway
tt1506940,68339,0,68339,2012: Time for Change
tt1506945,27449,0,27449,Boys Briefs 4
tt1506999,18942396,14430210,33372606,Haywire
tt1507571,11603,0,11603,The Tribes of Palos Verdes
tt1508290,4157,247765,251922,Caterpillar
tt1508675,611709,9886948,10498657,Le Havre
tt1509130,6840,0,6840,Janie Jones
tt1509276,898137,0,898137,The Wildest Dream
tt1509767,20374484,111900000,132274484,The Three Musketeers
tt1510726,11026,0,11026,The Woman with the 5 Elephants
tt1510907,23889,0,23889,Behind the Burly Q
tt1511425,22081,0,22081,Losing Control
tt1512201,288328,0,288328,Last Train Home
tt1512235,327716,94902,422618,Super
tt1512240,790421,0,790421,Thin Ice
tt1515091,186848418,357000000,543848418,Sherlock Holmes: A Game of Shadows
tt1515208,1112592,0,1112592,Walking with the Enemy
tt1515935,54543,0,54543,The Lottery
tt1516577,21638,0,21638,Sedona
tt1517177,59954,2551601,2611555,3
tt1517252,207473,0,207473,Sweetgrass
tt1517260,26627201,36700000,63327201,The Host
tt1517451,215288866,219600000,434888866,A Star Is Born
tt1517471,1148304,499125,1647429,Dough
tt1517489,38538188,47026122,85564310,Spy Kids 4-D: All the Time in the World
tt1517621,9318,0,9318,Better Mus' Come
tt1518255,23667,0,23667,Raw Faith
tt1518812,977772,227485,1205257,Meek's Cutoff
tt1518814,176976,453394,630370,Mera Pind: My Home
tt1519461,7556,0,7556,Area 51
tt1520498,1065907,0,1065907,The Oogieloves in the Big Balloon Adventure
tt1521197,4463292,10931795,15395087,Anonymous
tt1521848,1618844,21556512,23175356,Potiche
tt1522296,1190,0,1190,Snowman's Land
tt1522857,42273,0,42273,The Oath
tt1523483,118919,421038,539957,Kaboom
tt1523939,22029,0,22029,Answers to Nothing
tt1524095,100202,0,100202,Bhutto
tt1524137,66528000,29734212,96262212,Contraband
tt1524170,25247,0,25247,Death of the Virgin
tt1524575,1784763,11231001,13015764,The Vatican Tapes
tt1524930,58884188,46000000,104884188,Vacation
tt1525552,3161,0,3161,Apart
tt1525838,148994,0,148994,Gun Hill Road
tt1527186,3030848,12915473,15946321,Melancholia
tt1527788,528175,42531615,43059790,The Man from Nowhere
tt1527835,7791,0,7791,Archipelago
tt1528071,173948,3701494,3875442,Horns
tt1528100,65014513,203161118,268175631,Exodus: Gods and Kings
tt1528224,28808,0,28808,Two in the Wave
tt1528854,150357137,92429000,242786137,Daddy's Home
tt1529567,6096582,9907568,16004150,Sea Rex 3D: Journey to a Prehistoric World
tt1529572,120016,475786,595802,Trust
tt1530509,141877,28446,170323,The Human Centipede II
tt1530975,49918,8667,58585,Putty Hill
tt1530983,21087,300336,321423,Red Hill
tt1531663,2711643,108847,2820490,Everything Must Go
tt1531901,89237,739047,828284,Byzantium
tt1531930,3000,0,3000,The Lie
tt1532503,5790894,8520807,14311701,Beginners
tt1532538,54204,0,54204,Line of Duty
tt1532957,199228,31194,230422,Paa
tt1532958,8888355,7661122,16549477,Battle of the Year
tt1533013,77247,62876,140123,Beautiful Boy
tt1533089,85812,0,85812,Tab Hunter Confidential
tt1533117,63012,104273875,104336887,Let the Bullets Fly
tt1533749,66099,33596775,33662874,Shaolin
tt1533818,158411,0,158411,The Big Picture
tt1534075,68719,0,68719,Strange Powers: Stephin Merritt and the Magnetic Fields
tt1534085,56491,0,56491,Beyond the Black Rainbow
tt1535108,93050117,193090583,286140700,Elysium
tt1535109,107100855,111690956,218791811,Captain Phillips
tt1535110,35100,0,35100,When Harry Tries to Marry
tt1535421,1309987,0,1309987,Air Racers 3D
tt1535438,63536011,50745040,114281051,Hope Springs
tt1535568,20615,0,20615,Douchebag
tt1535612,30680,1060452,1091132,The Son of No One
tt1535970,9216,601770,610986,The Ledge
tt1536044,84752907,92759125,177512032,Paranormal Activity 2
tt1536048,583455,284984,868439,W.E.
tt1536374,30655,0,30655,Hide Away
tt1537401,12979,175263,188242,Leap Year
tt1538403,31165421,64231152,95396573,The Mortal Instruments: City of Bones
tt1538833,19085,0,19085,Make Believe
tt1539489,29817,0,29817,A Fierce Green Fire
tt1540011,20777061,24396093,45173154,Blair Witch
tt1540068,67095,0,67095,The Sun Behind the Clouds: Tibet's Struggle for Freedom
tt1540128,13103272,17859063,30962335,Playing for Keeps
tt1540133,5360274,14200000,19560274,The Guard
tt1540733,573,0,573,A Good Day to Die
tt1540741,18642,0,18642,A Single Shot
tt1540814,176865,0,176865,Casino Jack and the United States of Money
tt1540933,20135,0,20135,How to Grow a Band
tt1540978,40000,0,40000,Louder Than a Bomb
tt1541153,24090,0,24090,Radio Unnameable
tt1541160,5043,3137111,3142154,Flypaper
tt1541666,77466,0,77466,Circo
tt1541943,77142,0,77142,To Catch a Dollar: Muhammad Yunus Banks on America
tt1541995,1348205,10000000,11348205,Snow Flower and the Secret Fan
tt1542344,18335230,42403567,60738797,127 Hours
tt1542411,68353,0,68353,Budrus
tt1542852,85526,3889589,3975115,Carancho
tt1543029,10430,0,10430,Mama Africa
tt1544600,2430735,0,2430735,The Grace Card
tt1545106,3361,89387,92748,Vamps
tt1545464,8100,0,8100,Restless City
tt1545660,123854,0,123854,Knights of Badassdom
tt1545759,708215,8521942,9230157,Point Blank
tt1546653,6196,0,6196,The Red Chapel
tt1546999,246042,0,246042,Larger Than Life in 3D
tt1547230,15013650,677990,15691640,Judy Moody and the Not Bummer Summer
tt1547234,20275446,10808153,31083599,Premium Rush
tt1549571,133771,0,133771,Pure Country 2: The Gift
tt1549572,1321194,455741,1776935,Another Earth
tt1549589,157508,753958,911466,Elles
tt1549920,12050299,36280458,48330757,The Last Stand
tt1550481,71732,0,71732,Flamenco Flamenco
tt1550524,31056,0,31056,White Irish Drinkers
tt1550557,43583,0,43583,"OC87: The Obsessive Compulsive, Major Depression, Bipolar, Asperger's Movie"
tt1551630,4141,0,4141,Pawn
tt1551641,80634,0,80634,Winnie Mandela
tt1553659,37108,3285371,3322479,Breath
tt1554091,1759252,104254,1863506,A Better Life
tt1555064,20218921,310273,20529194,Country Strong
tt1555149,100119,62927562,63027681,Elite Squad: The Enemy Within
tt1556190,163962,13672,177634,Nostalgia for the Light
tt1557720,242707,0,242707,My Perestroika
tt1558250,30846,18582,49428,GasLand
tt1558256,146146,0,146146,Deadly Renovations
tt1558259,23918,0,23918,Simple Creature
tt1558972,336386,0,336386,Kings of Pastry
tt1559040,832,0,832,Abandoned
tt1559547,19452138,40600000,60052138,Beautiful Creatures
tt1559549,1330894,105497,1436391,Restrepo
tt1560139,256211,43294943,43551154,Boy
tt1560220,73123082,49683337,122806419,Zombieland: Double Tap
tt1560479,156072,0,156072,Deadtime
tt1560747,16377274,11880786,28258060,The Master
tt1560957,433588,0,433588,I Want Your Money
tt1560969,43593,0,43593,Love Etc.
tt1560985,53261944,48496546,101758490,The Devil Inside
tt1560987,110289,0,110289,The Trouble with Terkel
tt1562450,128203,0,128203,Stonewall Uprising
tt1562568,841733,1637,843370,Higher Ground
tt1562847,184705,0,184705,Amigo
tt1562859,1132192,935479,2067671,Golmaal 3
tt1562871,2511689,33400000,35911689,Ra.One
tt1562872,3108485,2084258,5192743,Zindagi Na Milegi Dobara
tt1562899,202348,95033,297381,Jinn
tt1562904,5129,0,5129,To Die Is Hard
tt1563704,200393,0,200393,Legendary
tt1563738,13843771,45545662,59389433,One Day
tt1563742,50316123,40928790,91244913,Overboard
tt1564349,72286779,23117618,95404397,Dolphin Tale
tt1564367,103028109,111917482,214945591,Just Go with It
tt1564585,21393620,45427416,66821036,Skyline
tt1564870,318121,0,318121,Not Today
tt1566501,5672846,3950000,9622846,For Greater Glory: The True Story of Cristiada
tt1566637,212940,0,212940,The Afflicted
tt1566648,6417135,9322,6426457,Waiting for 'Superman'
tt1567233,739561,0,739561,Forks Over Knives
tt1568150,2930687,0,2930687,Joan Rivers: A Piece of Work
tt1568328,73171,6425,79596,Enemies of the People
tt1568334,802535,0,802535,The Tillman Story
tt1568335,256242,0,256242,Jean-Michel Basquiat: The Radiant Child
tt1568337,3519,32626,36145,Loosies
tt1568338,18620000,27601189,46221189,Man on a Ledge
tt1568346,102515793,130101637,232617430,The Girl with the Dragon Tattoo
tt1568911,79884879,97700000,177584879,War Horse
tt1568921,19587032,126368084,145955116,The Secret World of Arrietty
tt1568923,320486,0,320486,A Film Unfinished
tt1570583,12396,8350,20746,For Ellen
tt1570728,84351197,60700000,145051197,"Crazy, Stupid, Love."
tt1570989,391674,0,391674,Tiny Furniture
tt1571222,5704709,21757332,27462041,A Dangerous Method
tt1571234,15951040,67721633,83672673,Mortal Engines
tt1571249,5284309,492331,5776640,The Skeleton Twins
tt1571565,27052,0,27052,Clash
tt1572154,35412,0,35412,Kinyarwanda
tt1572311,1076443,1377971,2454414,Tees Maar Khan
tt1572315,34341945,12900000,47241945,Texas Chainsaw 3D
tt1572491,40548,3178118,3218666,The Last Circus
tt1572769,272040,15671,287711,Countdown to Zero
tt1572773,53345,0,53345,God of Vampires
tt1573072,1183658,1156892,2340550,Housefull
tt1576440,7072,0,7072,Good Neighbours
tt1578261,427628,389360,816988,Break Ke Baad
tt1578275,48475290,21246676,69721966,The Dilemma
tt1579361,1328467,30201,1358668,Chasing Ice
tt1581829,6504,0,6504,Windfall
tt1581845,210975,0,210975,Somewhere Between
tt1582248,68945,54755,123700,Puncture
tt1582271,5206,45811,51017,The Good Doctor
tt1582465,48713,0,48713,A Birder's Guide to Everything
tt1582507,31611916,12675215,44287131,House at the End of the Street
tt1583420,35608245,36400000,72008245,Larry Crowne
tt1583421,122523060,253217645,375740705,G.I. Joe: Retaliation
tt1583737,154189,1151700,1305889,Unforgivable
tt1584016,3237343,242271,3479614,Catfish
tt1584131,164247,16586583,16750830,The Last Godfather
tt1586265,41152203,43231799,84384002,What to Expect When You're Expecting
tt1586752,538690,2800000,3338690,Machine Gun Preacher
tt1587309,9432,0,9432,If I Were You
tt1587310,241410378,517000000,758410378,Maleficent
tt1587426,271942,73121,345063,Tera Mera Ki Rishta
tt1587707,3291250,2017368,5308618,Exit Through the Gift Shop
tt1587729,176638,20791022,20967660,71: Into the Fire
tt1588170,129210,12644780,12773990,I Saw the Devil
tt1588173,66380662,50600000,116980662,Warm Bodies
tt1588334,4269426,148154,4417580,"Jeff, Who Lives at Home"
tt1588336,18009,5384,23393,Nï¿½ï¿½ï
tt1588337,3951596,38196671,42148267,Of Gods and Men
tt1588358,29864,0,29864,Brother
tt1588398,36578,372102,408680,Sleeping Beauty
tt1588875,8733,613911,622644,How I Ended This Summer
tt1588895,184292,946353,1130645,Uncle Boonmee Who Can Recall His Past Lives
tt1590013,62506,265000,327506,The Last Sentence
tt1590024,12135,219544,231679,"If I Want to Whistle, I Whistle"
tt1590157,8856,285627,294483,Special Treatment
tt1590193,36343858,83598529,119942387,The Commuter
tt1590295,9677,0,9677,Brutal Beauty: Tales of the Rose City Rollers
tt1591095,54009150,43000000,97009150,Insidious
tt1591479,70012847,11259919,81272766,Act of Valor
tt1592281,1239692,3726258,4965950,Take This Waltz
tt1592525,14326864,17877166,32204030,Lockout
tt1592527,273749,6276,280025,The Black Power Mixtape 1967-1975
tt1592576,3338,0,3338,Swerve
tt1594562,78396,1091354,1169750,The Innkeepers
tt1594972,17062499,13672003,30734502,Norm of the North
tt1595061,14615,0,14615,Unraveled
tt1595656,587615,2213551,2801166,To the Wonder
tt1596343,209837675,416300000,626137675,Fast Five
tt1596345,2436633,3141886,5578519,Pawn Sacrifice
tt1596346,43853424,3235566,47088990,Soul Surfer
tt1596350,54760791,101730488,156491279,This Means War
tt1596363,70259870,63181000,133440870,The Big Short
tt1596365,54333290,73397446,127730736,The Woman in Black
tt1596753,583633,67042,650675,Salinger
tt1597089,263723,0,263723,Phil Ochs: There But for Fortune
tt1598642,121461,260378,381839,Z for Zachariah
tt1598778,75658097,59800000,135458097,Contagion
tt1598822,54544638,87500000,142044638,New Year's Eve
tt1598828,26414527,10479194,36893721,One for the Money
tt1599348,126373434,81702771,208076205,Safe House
tt1599975,352428,6422693,6775121,The Princess of Montpensier
tt1600195,28087155,54000000,82087155,Abduction
tt1600196,10724389,7933992,18658381,The Drop
tt1600207,83566,2021123,2104689,The Eye of the Storm
tt1600435,100237,0,100237,Rejoice and Shout
tt1600524,68723,519660,588383,Heartbeats
tt1601913,51580236,25698095,77278331,The Grey
tt1602098,3014696,2620132,5634828,Albert Nobbs
tt1602472,633210,1020582,1653792,2 Days in New York
tt1602613,779188,9855938,10635126,Only God Forgives
tt1602620,6739492,13100000,19839492,Amour
tt1603257,3010,918742,921752,ATM
tt1603489,3062,0,3062,The Weird World of Blowfly
tt1604171,10130219,572027,10702246,Prom
tt1604589,243616,0,243616,My Uncle Rafael
tt1605630,57011521,177978063,234989584,American Reunion
tt1605717,645186,1252177,1897363,Frank
tt1605765,3400,0,3400,The Happy Poet
tt1605769,13472,794063,807535,The Monk
tt1605777,113800,545969,659769,The Woman in the Fifth
tt1605782,34665,0,34665,Comic-Con Episode IV: A Fan's Hope
tt1605783,56817045,94302174,151119219,Midnight in Paris
tt1605790,3000,0,3000,Zokkomon
tt1605791,31433,0,31433,Beyond the Farthest Star
tt1605798,352534,368609,721143,Effie Gray
tt1605803,27000,0,27000,The Last Ride
tt1606259,2647,22008,24655,Knuckle
tt1606378,67349198,237304984,304654182,A Good Day to Die Hard
tt1606382,312494,117822,430316,L'amour fou
tt1606384,70177,16467797,16537974,My Way
tt1606389,125014030,71100540,196114570,The Vow
tt1606392,10179275,651898,10831173,Win Win
tt1606829,135228,0,135228,The Other Dream Team
tt1608285,17309,0,17309,Littlerock
tt1608290,28848693,27874000,56722693,Zoolander 2
tt1608566,914818,182932,1097750,Poema de salvaciï¿½
tt1609113,56573,0,56573,Farmageddon
tt1609479,75143,45680,120823,Better Living Through Chemistry
tt1609488,40645,0,40645,Language of a Broken Heart
tt1610013,23262,0,23262,Can't Stand Losing You: Surviving the Police
tt1610452,43820,60712,104532,Band Baaja Baaraat
tt1610473,20567,0,20567,Coming Up Roses
tt1610516,46623,0,46623,The Woodmans
tt1610525,320725,181793,502518,Chuck
tt1611180,143986,0,143986,Thunder Soul
tt1611224,37519139,78952441,116471580,Abraham Lincoln: Vampire Hunter
tt1611990,8688,0,8688,Man on a Mission: Richard Garriott's Road to the Stars
tt1612774,100370,1359,101729,Rubber
tt1612782,1081,0,1081,The Butterfly Room
tt1613023,1200326,0,1200326,"Beats, Rhymes & Life: The Travels of A Tribe Called Quest"
tt1613062,258223,0,258223,The Music Never Stopped
tt1613750,1517410,21325477,22842887,Kon-Tiki
tt1614420,140000,0,140000,Troublesome Creek: A Midwestern
tt1614989,1200010,14499697,15699707,Headhunters
tt1615065,47382068,35584084,82966152,Savages
tt1615147,5354039,14150000,19504039,Margin Call
tt1615160,34393507,110980592,145374099,The Foreigner
tt1615918,133110742,209584693,342695435,Alvin and the Chipmunks: Chipwrecked
tt1616195,37306030,47614509,84920539,J. Edgar
tt1616504,11538,0,11538,After the Cup: Sons of Sakhnin United
tt1617661,47387723,136500000,183887723,Jupiter Ascending
tt1618399,244951,0,244951,The Waiting Room
tt1618430,564489,944423,1508912,Dum Maaro Dum
tt1618432,2387730,115662,2503392,I'm in Love with a Church Girl
tt1618442,27367660,119569250,146936910,The Last Witch Hunter
tt1618445,42172,253758,295930,The We and the I
tt1618447,95000,419913,514913,Goodbye First Love
tt1619029,13960394,10310005,24270399,Jackie
tt1620680,100478608,32197256,132675864,A Wrinkle in Time
tt1620719,1288549,1654005,2942554,Dabangg
tt1620785,13013,0,13013,"How Much Does Your Building Weigh, Mr Foster?"
tt1620933,40311,0,40311,Paan Singh Tomar
tt1620935,5083906,1614773,6698679,Bleed for This
tt1620981,304281,0,304281,The Addams Family
tt1621019,3242,0,3242,The Sons of Tennessee Williams
tt1621039,55750480,54636592,110387072,Free Birds
tt1621045,91547205,4523302,96070507,Think Like a Man
tt1621046,5571497,1148428,6719925,Cesar Chavez
tt1621426,55282,0,55282,Natural Selection
tt1621444,1510026,700356,2210382,Bill Cunningham: New York
tt1621766,4015,0,4015,Approved for Adoption
tt1622547,37053924,3493516,40547440,30 Minutes or Less
tt1622563,2510,0,2510,Almost in Love
tt1622979,42587643,115300000,157887643,Final Destination 5
tt1623008,21620,104562,126182,The Arbor
tt1623205,234911825,258400000,493311825,Oz the Great and Powerful
tt1623288,56003051,51136348,107139399,ParaNorman
tt1623745,17739,0,17739,Little Birds
tt1624426,135809,0,135809,I Will Follow
tt1625150,28307,0,28307,North Sea Texas
tt1625346,16311571,6627456,22939027,Young Adult
tt1625857,13420,39143,52563,Benda Bilili!
tt1626135,3140,0,3140,Balls to the Wall
tt1626146,1124445,4828104,5952549,Hector and the Search for Happiness
tt1626811,20840,0,20840,Cameraman: The Life and Work of Jack Cardiff
tt1627924,728316,745025,1473341,Mausam
tt1628055,204232,0,204232,Touchback
tt1628841,103144286,286537649,389681935,Independence Day: Resurgence
tt1629376,270207,94724,364931,7 Khoon Maaf
tt1629705,200558,422970,623528,Blackthorn
tt1629757,6002756,630451,6633207,Chasing Mavericks
tt1630036,34522221,663663,35185884,Courageous
tt1630038,165987,0,165987,Fool for Love
tt1631867,100206256,270335000,370541256,Edge of Tomorrow
tt1632708,55802754,93739491,149542245,Friends with Benefits
tt1633356,18877153,21259326,40136479,Shark Night 3D
tt1634106,10021787,19727667,29749454,Bloodshot
tt1634121,69136,2943074,3012210,Intruders
tt1634122,8305970,151772616,160078586,Johnny English Reborn
tt1634136,17186,90953,108139,Violet & Daisy
tt1634138,5580,0,5580,Elevate
tt1634286,12356,7136,19492,Grassroots
tt1636826,54731865,48000000,102731865,Project X
tt1636849,157612,0,157612,Chasing Madoff
tt1637620,25115,0,25115,Fresh
tt1637688,37520095,136410501,173930596,In Time
tt1637706,24816118,988330,25804448,Our Idiot Brother
tt1637725,218815487,330552828,549368315,Ted
tt1638002,20431,25553956,25574387,"Love, Rosie"
tt1638353,148671,505916,654587,The Patience Stone
tt1638355,45445109,61600000,107045109,The Man from U.N.C.L.E.
tt1638362,189416,3454,192870,Client 9: The Rise and Fall of Eliot Spitzer
tt1638364,383294,211100,594394,The Armstrong Lie
tt1638979,31135,0,31135,"Hey, Boo: Harper Lee and 'To Kill a Mockingbird'"
tt1639426,7461,0,7461,Udaan
tt1639901,9862,175226,185088,A Screaming Man
tt1640459,703372,45081,748453,Hobo with a Shotgun
tt1640484,37295394,415216,37710610,Jumping the Broom
tt1640548,972512,571101,1543613,Rampart
tt1640680,14566,1996770,2011336,Armadillo
tt1640718,725489,535923,1261412,The Prophet
tt1641410,19996,2323306,2343302,Terraferma
tt1641624,6850,2987203,2994053,My Piece of the Pie
tt1641841,1242,594026,595268,Skin Trade
tt1641975,13377,128509,141886,Citadel
tt1644503,5154,0,5154,And They're Off
tt1645080,1430241,461889,1892130,The Art of Getting By
tt1645089,4312735,3558787,7871522,Inside Job
tt1645131,1162635,1803633,2966268,Romeo & Juliet
tt1645170,59650222,119729311,179379533,The Dictator
tt1645774,15005,0,15005,I'm Not Jesus Mommy
tt1646111,134461,96068,230529,"Life, Above All"
tt1646114,6298,50559,56857,My Joy
tt1646118,32127,96731,128858,October
tt1646958,34023,33070,67093,The Autobiography of Nicolae Ceausescu
tt1646971,177002924,444534595,621537519,How to Train Your Dragon 2
tt1646972,24248,0,24248,Jasmine
tt1646974,514237,4076876,4591113,The Names of Love
tt1646975,152530,102861,255391,Le Quattro Volte
tt1646980,137921,3558311,3696232,The Double
tt1646987,83670083,218300000,301970083,Wrath of the Titans
tt1647668,36457627,1850000,38307627,Million Dollar Arm
tt1648179,45290318,27809854,73100172,Here Comes the Boom
tt1648190,50701325,62529753,113231078,The Dark Tower
tt1649419,19019882,179067330,198087212,The Impossible
tt1649421,22539,0,22539,The Other City
tt1649433,85974,38558,124532,Vidal Sassoon: The Movie
tt1649443,837,4914920,4915757,[REC] 4: Apocalypse
tt1649444,9600,10148447,10158047,[REC] 3: Genesis
tt1649780,590700,514320,1105020,"Peace, Love & Misunderstanding"
tt1650043,52698535,19718859,72417394,Diary of a Wimpy Kid: Rodrick Rules
tt1650058,110313,0,110313,The Perfect Family
tt1650062,127004179,133091807,260095986,Super 8
tt1650393,55301,0,55301,C.O.G.
tt1650407,126085,1458662,1584747,"Turn Me On, Dammit!"
tt1650453,145808,1397577,1543385,I Wish
tt1650537,81600,0,81600,Inkubus
tt1650549,23487,0,23487,The Hill Chris Climbed: The Gridiron Heroes Story
tt1650554,28795985,32000000,60795985,Kick-Ass 2
tt1652287,113794,0,113794,35 and Ticking
tt1653002,13546,0,13546,Dysfunctional Friends
tt1653665,1735251,5666698,7401949,Goodbye Christopher Robin
tt1653690,14890,2325473,2340363,Ong-bak 3
tt1653827,32476,0,32476,Boxing Gym
tt1653911,707885,131769,839654,Mozart's Sister
tt1654829,101944,1509595,1611539,Thï¿½ï¿½ï
tt1655416,17669,3577981,3595650,Mental
tt1655420,14600347,20457349,35057696,My Week with Marilyn
tt1655441,42629776,23033500,65663276,The Age of Adaline
tt1655442,44671682,88761174,133432856,The Artist
tt1655446,6051,0,6051,The Miners' Hymns
tt1655460,17450535,4162198,21612733,Wanderlust
tt1655461,40598,207351,247949,Wild Oats
tt1655603,10454,0,10454,Evil Intent
tt1656170,4975,0,4975,Bringing Up Bobby
tt1656179,1794,0,1794,I Kissed a Vampire
tt1656186,304318,1802239,2106557,Stolen
tt1656190,17142080,23204106,40346186,Safe
tt1656192,10759,371423,382182,Special Forces
tt1657299,759,116995,117754,The Decoy Bride
tt1657507,36665854,24300000,60965854,Colombiana
tt1657510,1359910,2108,1362018,Gimme Shelter
tt1658501,84610,0,84610,Wretches & Jabberers
tt1658801,573335,901136,1474471,Freeheld
tt1659337,17742948,15641179,33384127,The Perks of Being a Wallflower
tt1659343,5460,363719,369179,Universal Soldier: Day of Reckoning
tt1660302,23203,677012,700215,Our Children
tt1660379,19327,1365116,1384443,House of Tolerance
tt1661199,201151353,341200000,542351353,Cinderella
tt1661275,3603484,8993778,12597262,Their Finest
tt1661382,29807260,15100000,44907260,Grudge Match
tt1661420,211440,20162761,20374201,Polisse
tt1662293,7886,1667495,1675381,Nothing Left to Fear
tt1663143,9409538,2007824,11417362,Fun Size
tt1663202,183637894,349312609,532950503,The Revenant
tt1663207,265452,1191223,1456675,Life of Crime
tt1663321,253874,1174417,1428291,Chicken with Plums
tt1663631,6141,0,6141,Crazy Eyes
tt1663660,73492,0,73492,On the Ice
tt1663662,101802906,309200000,411002906,Pacific Rim
tt1664892,45154,309127,354281,"Happy, Happy"
tt1664894,5304920,1162428,6467348,Cave of Forgotten Dreams
tt1665418,13737,0,13737,Dorfman in Love
tt1666185,44922302,10746396,55668698,All Eyez on Me
tt1666186,36661504,43886362,80547866,Vampires Suck
tt1666305,3804,0,3804,Free Radicals: A History of Experimental Film
tt1666555,15790,160842,176632,Anchor Baby
tt1666801,34030343,9498291,43528634,The Duff
tt1667150,123526,11707836,11831362,What Women Want
tt1667307,1008455,305903,1314358,Damsels in Distress
tt1667310,66351,1879903,1946254,Deadfall
tt1667321,745971,2589942,3335913,On Chesil Beach
tt1667353,64935167,118083355,183018522,Mirror Mirror
tt1667838,847993,14871219,15719212,I Hate Luv Storys
tt1667889,161321843,715922939,877244782,Ice Age: Continental Drift
tt1667905,77016,11742,88758,This Is Not a Film
tt1668200,7693187,17099628,24792815,Sarah's Key
tt1669846,9570,0,9570,Vito Bonafacci
tt1670345,117723989,234000000,351723989,Now You See Me
tt1670389,45176,0,45176,CornerStore
tt1670932,5928,0,5928,American Animal
tt1670994,106323,0,106323,Six Dance Lessons in Six Weeks
tt1672845,6255,126532,132787,Tonight You're Mine
tt1673376,157201,0,157201,Free the Mind
tt1673434,292324737,537422083,829746820,The Twilight Saga: Breaking Dawn - Part 2
tt1673697,2450867,17972761,20423628,The Sapphires
tt1673702,309973,1339449,1649422,A Cat in Paris
tt1674057,43180,7168000,7211180,All Together
tt1674771,32363404,16900000,49263404,Entourage
tt1674773,717205,8163731,8880936,Hannah Arendt
tt1674775,22826,0,22826,Keyhole
tt1674784,24094,9588375,9612469,Trespass
tt1674785,62660,0,62660,Drunk Stoned Brilliant Dead: The Story of the National Lampoon
tt1675192,1730296,1369018,3099314,Take Shelter
tt1675311,1492,0,1492,Where Are You Taking Me?
tt1675434,10198820,416389690,426588510,The Intouchables
tt1675759,2480,0,2480,The Wait
tt1677082,16124,762,16886,Return
tt1677720,137690172,445200000,582890172,Ready Player One
tt1678051,38898,1533142,1572040,Soldiers of Fortune
tt1679335,153707064,193157398,346864462,Trolls
tt1680045,100343,1563588,1663931,360
tt1680059,25926665,15660148,41586813,Born to Be Wild
tt1680114,8452,910816,919268,The Snowtown Murders
tt1680136,68795,0,68795,Klown
tt1680311,8824,0,8824,Home Run Showdown
tt1680679,4630,802806,807436,Breathing
tt1681666,13869,0,13869,Falling Away
tt1682180,1714221,10363220,12077441,Stoker
tt1682181,4142648,269001,4411649,Bully
tt1682186,1373,114138,115511,Headshot
tt1682940,264,57323,57587,Playback
tt1683048,165237,2808,168045,De Palma
tt1683519,37745,16470,54215,Wagner & Me
tt1683526,72689,1608832,1681521,Detachment
tt1683876,338987,0,338987,Happy People: A Year in the Taiga
tt1683921,3358,621555,624913,Sleepless Night
tt1684233,9747,3916639,3926386,Welcome to the Punch
tt1684548,3287,0,3287,Axe Giant: The Wrath of Paul Bunyan
tt1684628,454121,101390,555511,Circumstance
tt1684925,46347,29523,75870,Wish You Were Here
tt1686018,508714,24521,533235,Creature
tt1686042,91401,84871,176272,Girl on a Bicycle
tt1686784,170276,3153105,3323381,Flying Swords of Dragon Gate
tt1686821,7791979,7600000,15391979,Vampire Academy
tt1687247,252788,354381,607169,Life in a Day
tt1687277,11100,0,11100,InSight
tt1687281,655802,0,655802,Terri
tt1687875,16734,0,16734,Inventing Our Life: The Kibbutz Experiment
tt1687901,209696,4490365,4700061,The Awakening
tt1690389,18929,487821,506750,You Ain't Seen Nothin' Yet
tt1690455,166228,170922,337150,Dark Horse
tt1690953,368065385,602700620,970766005,Despicable Me 2
tt1691152,171419,140051,311470,David Lynch: The Art Life
tt1691153,45405,0,45405,Return to the Hiding Place
tt1691323,24036,45925,69961,Attenberg
tt1691916,12241122,4132721,16373843,Before I Fall
tt1691917,90288712,148970000,239258712,Planes
tt1691920,6361,9871,16232,I Melt with You
tt1692236,3212,0,3212,A Cuban Legend
tt1692486,2547047,25056022,27603069,Carnage
tt1692928,635325,0,635325,The Last Lions
tt1694015,62713,0,62713,Cool It
tt1694020,37134215,4729511,41863726,The Guilt Trip
tt1695405,129579,139354,268933,The Loneliest Planet
tt1695793,48557,12399,60956,Love U... Mr. Kalakaar!
tt1695994,636706,0,636706,The Virginity Hit
tt1696535,237181,105935,343116,El Bulli: Cooking in Progress
tt1697887,6601,0,6601,Brief Reunion
tt1698641,66954149,33700000,100654149,"Alexander and the Terrible, Horrible, No Good, Very Bad Day"
tt1698648,1378591,707026,2085617,Girl Most Likely
tt1698654,38613,0,38613,Catching the Sun
tt1699147,4373074,0,4373074,Seven Days in Utopia
tt1699158,38083,0,38083,The Legend of Pale Male
tt1699185,53810,564293,618103,Free Men
tt1699513,151000,58158179,58309179,Beginning of the Great Revival
tt1699518,125659,4744714,4870373,The Young Karl Marx
tt1699720,52681,0,52681,!Women Art Revolution
tt1699755,9177065,130000,9307065,Peeples
tt1700841,97685686,43019636,140705322,Sausage Party
tt1700844,1126525,1989084,3115609,The Deep Blue Sea
tt1700845,1234254,2752634,3986888,The Invisible Woman
tt1702014,101451,1058000,1159451,The Way He Looks
tt1702425,5909483,2132184,8041667,Casa de mi Padre
tt1702429,34282,42431,76713,Eisenstein in Guanajuato
tt1702439,71349120,26245020,97594140,Safe Haven
tt1702443,73013910,26022917,99036827,Justin Bieber: Never Say Never
tt1703049,62027,0,62027,Trigun: Badlands Rumble
tt1703148,176669,1504109,1680778,The Hunter
tt1703957,1361045,4320577,5681622,Genius
tt1703958,1155545,1138278,2293823,Ek Main Aur Ekk Tu
tt1704573,9206470,884171,10090641,Bernie
tt1704619,696921,35004,731925,Tabloid
tt1705111,2207,0,2207,InSpectres
tt1706317,229931,175283,405214,Tezz
tt1706593,64575175,62060922,126636097,Chronicle
tt1706598,103536,21197,124733,Every Secret Thing
tt1706620,4563650,82195262,86758912,Snowpiercer
tt1706687,177729,0,177729,Monumental: In Search of America's National Treasure
tt1707380,9233,545720,554953,Every Thing Will Be Fine
tt1707386,148809770,293000000,441809770,Les Misï¿½ï¿½ï¿
tt1707391,17801,53050,70851,4:44 Last Day on Earth
tt1707392,18464,256016,274480,Lovely Molly
tt1708135,161531,234026,395557,13 Minutes
tt1708532,955148,1377766,2332914,Ready
tt1708537,81881,0,81881,The Whale
tt1709143,24084,163107,187191,The Last Days on Mars
tt1709654,625,0,625,Citizen Gangster
tt1710396,30932113,226000,31158113,Joyful Noise
tt1710417,252603,203151,455754,Lola Versus
tt1710469,70605,0,70605,Seasons of Gray
tt1711425,25682380,22383292,48065672,21 & Over
tt1711484,74474,3916953,3991427,The Conquest
tt1711525,54767494,59733805,114501299,Office Christmas Party
tt1712159,32771,5706613,5739384,40858
tt1712170,25888412,8700000,34588412,Alex Cross
tt1712261,12639297,10480145,23119442,Triple 9
tt1713476,30668,1550584,1581252,The Bay
tt1714203,376512,8117216,8493728,Piranha 3DD
tt1714206,6854611,63980,6918591,The Spectacular Now
tt1714209,303877,899822,1203699,In the Land of Blood and Honey
tt1714210,484592,643885,1128477,Weekend
tt1714866,190022,1053958,1243980,Midnight's Children
tt1714886,9750,244399,254149,Post Mortem
tt1714915,1879534,5729653,7609187,Only Lovers Left Alive
tt1714917,440627,509413,950040,Gimme Danger
tt1715336,4288,1252854,1257142,Anna
tt1715873,203373,74963,278336,10 Years
tt1715876,50020,0,50020,The Discoverers
tt1716772,36000,87989781,88025781,The Inbetweeners Movie
tt1716777,12434778,124153,12558931,People Like Us
tt1718199,11137,130892,142029,Dragon
tt1718835,21952,7094036,7115988,My Worst Nightmare
tt1718898,152200,0,152200,Snake & Mongoose
tt1719071,8464,347224,355688,Another Happy Day
tt1720172,266689,0,266689,Munger Road
tt1720182,5357328,0,5357328,October Baby
tt1720254,463540,4988807,5452347,Thank You
tt1720616,7251073,5768000,13019073,Friends with Kids
tt1720621,19698,0,19698,Trafficked
tt1721683,29066,417065,446131,The Sleeping Beauty
tt1722513,47896,1987281,2035177,"The Butcher, the Chef, and the Swordsman"
tt1723120,61759,107223,168982,Viva Riva!
tt1723121,150394119,119600000,269994119,We're the Millers
tt1723126,7643,0,7643,Last Days Here
tt1723811,3909002,13784673,17693675,Shame
tt1724962,3878,16211978,16215856,Beyond Outrage
tt1724965,294039,0,294039,Innocence
tt1726589,30905,17136,48041,L!fe Happens
tt1726592,3242457,12204697,15447154,Before I Go to Sleep
tt1726669,1987762,1677307,3665069,Killer Joe
tt1726738,29792,29063768,29093560,Sacrifice
tt1726861,13959,779,14738,The Prey
tt1726888,9017,1203337,1212354,Clandestine Childhood
tt1727300,20296,119357,139653,Hunky Dory
tt1727388,21506546,1692106,23198652,The Way Way Back
tt1727491,46782,0,46782,"Connected: An Autoblogography About Love, Death & Technology"
tt1727770,20169,6283623,6303792,Absolutely Anything
tt1727776,3703046,12434000,16137046,Scouts Guide to the Zombie Apocalypse
tt1727824,216428042,687227217,903655259,Bohemian Rhapsody
tt1728196,75688,3447775,3523463,Hara-Kiri: Death of a Samurai
tt1728239,543646,628594,1172240,Double Dhamaal
tt1728986,1216258,27559004,28775262,Bol Bachchan
tt1729226,16000,5561,21561,10 timer til Paradis
tt1729637,1834384,2856108,4690492,Bodyguard
tt1730687,793815,363442,1157257,Darling Companion
tt1730714,7416,0,7416,Rubble Kings
tt1730768,17571660,8556305,26127965,The Zookeeper's Wife
tt1731141,61737191,63800000,125537191,Ender's Game
tt1731697,1165882,379107,1544989,The Lords of Salem
tt1731701,6075,927772,933847,Barely Lethal
tt1731764,189000,0,189000,Nick Saban: Gamechanger
tt1733525,39522,255077,294599,Khodorkovsky
tt1734110,440525,193154,633679,No One Killed Jessica
tt1734477,62173,0,62173,Public Speaking
tt1734548,19001,0,19001,The Color Wheel
tt1734580,2325,0,2325,Lotus Eaters
tt1734586,16000,0,16000,Supercapitalist
tt1735279,3018,0,3018,A Girl and a Gun
tt1735485,1532,0,1532,The Tunnel
tt1735495,40106,0,40106,Addiction Incorporated
tt1735898,155332381,241260448,396592829,Snow White and the Huntsman
tt1735907,13191,2173,15364,The Adderall Diaries
tt1736049,231378,0,231378,A Place at the Table
tt1736633,101475,1284903,1386378,"Oslo, August 31st"
tt1736636,43040,49780,92820,Nobody Else But You
tt1736672,75204,0,75204,Widespread Panic: The Earth Will Swallow You
tt1737122,22740,0,22740,Carol Channing: Larger Than Life
tt1740047,2030962,1710236,3741198,The Trip
tt1740707,253444,3906234,4159678,Trollhunter
tt1740710,496172,931103,1427275,Mere Brother Ki Dulhan
tt1740799,92822,3293,96115,My Reincarnation
tt1741225,1591034,0,1591034,I Am
tt1741243,8088,1992,10080,Pawn Shop Chronicles
tt1741273,20180155,14674835,34854990,Secret in Their Eyes
tt1742044,47047013,20600000,67647013,Jersey Boys
tt1742334,10508518,7000000,17508518,Sabotage
tt1742336,1636190,1606612,3242802,Your Sister's Sister
tt1742650,9662284,20889211,30551495,I Don't Know How She Does It
tt1743720,638476,59773,698249,The Greatest Movie Ever Sold
tt1745686,38674,1118091,1156765,The Wall
tt1745710,140164,0,140164,Gore Vidal: The United States of Amnesia
tt1745787,150564,64470,215034,The Tribe
tt1746153,60291,0,60291,Crime After Crime
tt1746242,8631,0,8631,"Small, Beautifully Moving Parts"
tt1746264,18618,0,18618,Wish Me Away
tt1747958,42472,2373000,2415472,Blood Ties
tt1747967,2544,0,2544,Cassadaga
tt1748043,40634,315,40949,Hell and Back Again
tt1748062,183790,179530,363320,Jig
tt1748122,45512466,22750700,68263166,Moonrise Kingdom
tt1748158,35671,0,35671,Paul Goodman Changed My Life
tt1748179,52624,13498550,13551174,Red Lights
tt1748199,4080,0,4080,Silver Circle
tt1748207,408015,16073,424088,Sound of My Voice
tt1748224,7466,744,8210,Brooklyn Brothers Beat the Best
tt1748227,6842058,3087648,9929706,The Collection
tt1748260,27160,0,27160,Tiger Eyes
tt1748280,1132,0,1132,Veer!
tt1753383,64508620,140527199,205035819,A Dog's Purpose
tt1753549,4038912,409816,4448728,Buck
tt1753792,3546,29021,32567,The Day I Saw Your Heart
tt1753813,1597998,3699234,5297232,"Farewell, My Queen"
tt1753846,23115,0,23115,The Iran Job
tt1754078,6000,348391,354391,Las Acacias
tt1754367,39185,85094,124279,Post Tenebras Lux
tt1754465,2206,0,2206,Scorn
tt1754546,117090,472855,589945,Storm Surfers 3D
tt1754633,2436,0,2436,The Ghastly Love of Johnny X
tt1754656,1339152,96232098,97571250,The Little Prince
tt1754795,285151,40910,326061,You Will Be My Son
tt1754811,228004,0,228004,InAPPropriate Comedy
tt1754853,21577,0,21577,Waiting for Lightning
tt1756750,340058,1322853,1662911,Starbuck
tt1756799,20984,3702,24686,The Day
tt1757742,383,425876,426259,Apartment 143
tt1757806,18193,0,18193,Marcelino Pan y Vino
tt1758575,595018,0,595018,Blue Like Jazz
tt1758595,335359,21430912,21766271,Diana
tt1758610,1005800,28648,1034448,Unconditional
tt1758692,3395391,336098,3731489,Like Crazy
tt1758795,3491669,74556,3566225,The To Do List
tt1758810,6700035,36384025,43084060,The Snowman
tt1758830,67544505,20514281,88058786,This Is 40
tt1759682,4218,0,4218,The Loving Story
tt1759744,40685,57555,98240,Charlie Says
tt1760956,6123,0,6123,"El Sicario, Room 164"
tt1761005,1558836,0,1558836,Persecuted
tt1762399,36076121,90470397,126546518,Walking with Dinosaurs 3D
tt1763245,23584,0,23584,Lost Bohemia
tt1763264,74918,973786,1048704,No One Lives
tt1763275,6684,0,6684,Regina Spektor Live in London
tt1763303,22836,69818,92654,The First Time
tt1764183,7919574,27565482,35485056,Arbitrage
tt1764234,15026056,22904409,37930465,Killing Them Softly
tt1764282,8942,0,8942,Three Stars
tt1764651,85028192,229947763,314975955,The Expendables 2
tt1765913,3476,0,3476,Metal Messiah
tt1766085,23901,0,23901,Shut Up Little Man! An Audio Misadventure
tt1767372,111996,5922855,6034851,She's Funny That Way
tt1767382,12754783,346889,13101672,Silent House
tt1769363,7396,0,7396,The Giant Mechanical Man
tt1770734,100616,319337,419953,Shadow Dancer
tt1772230,135739,3544412,3680151,1911
tt1772240,17687709,7875215,25562924,Apollo 18
tt1772288,5637066,5198686,10835752,Danny Collins
tt1772341,189422889,281800000,471222889,Wreck-It Ralph
tt1772371,4373,0,4373,The Catechism Cataclysm
tt1772408,15091,0,15091,Trade of Innocents
tt1772424,531997,6975011,7507008,Where Do We Go Now?
tt1772872,139528,242383,381911,Game
tt1772925,2552478,140386,2692864,Jiro Dreams of Sushi
tt1773109,993031,604238,1597269,Yamla Pagla Deewana
tt1776086,108118,0,108118,Bettie Page Reveals All
tt1776196,177802,7401480,7579282,Fullmetal Alchemist: The Sacred Star of Milos
tt1777595,1064454,0,1064454,50 to 1
tt1777610,5705874,5107988,10813862,Flying Monsters 3D with David Attenborough
tt1778304,104028807,103011037,207039844,Paranormal Activity 3
tt1778924,1327841,0,1327841,The Ultimate Life
tt1780762,58510,236186,294696,Aftershock
tt1780798,55007,4326596,4381603,Clown
tt1780967,434702,206102,640804,Seberg
tt1781058,653951,194695,848646,Wilson
tt1781769,12816367,56112783,68929150,Anna Karenina
tt1781784,1109276,0,1109276,Burn
tt1781827,4712792,265561,4978353,Hands of Stone
tt1781840,14836,64342,79178,Jayne Mansfield's Car
tt1781922,27288872,27130000,54418872,No Escape
tt1783232,35730,34449107,34484837,Conquest 1453
tt1783422,22620,1626640,1649260,Two Lives
tt1783732,141951,0,141951,John Dies at the End
tt1783798,44830,0,44830,Union Square
tt1784600,35784,0,35784,Bangkok Revenge
tt1785612,122742,23258,146000,The Punk Singer
tt1785635,5728,341001,346729,The Vault
tt1786751,40400,0,40400,CBGB
tt1787067,28994,0,28994,Fire in the Blood
tt1787127,126700,28683,155383,The Forgiveness of Blood
tt1787660,304052,6760,310812,Being Elmo: A Puppeteer's Journey
tt1787725,61794,0,61794,If a Tree Falls: A Story of the Earth Liberation Front
tt1787759,53345287,816000,54161287,Madea's Big Happy Family
tt1787777,1067028,10954,1077982,Page One: Inside the New York Times
tt1787791,21242,0,21242,Resurrect Dead: The Mystery of the Toynbee Tiles
tt1787797,47718,17592,65310,Sing Your Song
tt1787816,122961,0,122961,The Last Mountain
tt1787988,2871956,2405810,5277766,Talaash
tt1788391,29063,142697,171760,Kill List
tt1788461,44883,0,44883,The Pruitt-Igoe Myth
tt1790669,36533,399226,435759,My Kingdom
tt1790809,172558876,622302918,794861794,Pirates of the Caribbean: Dead Men Tell No Tales
tt1790834,27740,0,27740,Simon Killer
tt1790864,102427862,245891999,348319861,The Maze Runner
tt1790867,53714,0,53714,The Other F Word
tt1790885,95720716,37100000,132820716,Zero Dark Thirty
tt1790886,86907746,18000000,104907746,The Campaign
tt1791500,91260,0,91260,Evil Bong 3: The Wrath of Bong
tt1791528,8110975,6600000,14710975,Inherent Vice
tt1791614,28378,0,28378,Struck by Lightning
tt1791682,7587485,9699824,17287309,While We're Young
tt1792647,12512862,21640239,34153101,Cirque du Soleil: Worlds Away
tt1794943,6883,0,6883,Sal
tt1796503,34025,2551,36576,Hit So Hard
tt1797487,37240,0,37240,Savannah
tt1798143,5010,0,5010,Downtown Express
tt1798188,1002895,60034949,61037844,From Up on Poppy Hill
tt1798243,58293,487856,546149,Rudderless
tt1798291,13888,0,13888,This Is Martin Bonner
tt1798603,17782178,6297090,24079268,Bad Santa 2
tt1798684,52421953,39548874,91970827,Southpaw
tt1798709,25568251,21783000,47351251,Her
tt1800241,150117807,101054000,251171807,American Hustle
tt1800246,26068955,14400000,40468955,That Awkward Moment
tt1800266,219407,0,219407,Brooklyn Castle
tt1800302,7227038,7653901,14880939,Gold
tt1800367,1022,0,1022,Remnants
tt1800669,21697,0,21697,Better Than Something: Jay Reatard
tt1800741,35074677,105396069,140470746,Step Up Revolution
tt1801113,25206,0,25206,The Worst Movie Ever!
tt1801552,4343227,2069122,6412349,Gotti
tt1802197,355391,3404191,3759582,The Lady
tt1805297,719823,22547488,23267311,The Women on the 6th Floor
tt1806777,69394,0,69394,An Inconsistent Truth
tt1806911,21154,1215,22369,Girl Model
tt1806913,1013893,1043436,2057329,Golmaal Again
tt1807944,16697,55062,71759,As I Lay Dying
tt1809231,806,0,806,Jackpot
tt1809370,20386,0,20386,The Highest Pass
tt1809398,115637895,45821402,161459297,Unbroken
tt1810602,426894,75643458,76070352,If You Are the One 2
tt1810683,6485961,11086328,17572289,Little Boy
tt1810697,525,0,525,Meeting Evil
tt1813327,317405,1175248,1492653,The Salt of Life
tt1814621,18007317,629884,18637201,Admission
tt1814836,411184,198696,609880,Project Nim
tt1815717,4916,4158,9074,Gerontophilia
tt1815799,137515,1537608,1675123,Beloved
tt1815852,3377618,525861,3903479,Nitro Circus: The Movie
tt1815862,60522097,183089885,243611982,After Earth
tt1815998,5964,0,5964,The Playroom
tt1816518,262075,4813287,5075362,Ernest & Celestine
tt1817081,4187,112372,116559,A Case of You
tt1817273,21403519,14082089,35485608,The Place Beyond the Pines
tt1817276,10730,0,10730,A Resurrection
tt1817287,137042,0,137042,Is the Man Who Is Tall Happy?
tt1817676,2609412,1990476,4599888,Girl in Progress
tt1817771,70958,0,70958,Freaks of Nature
tt1819513,8405,283493,291898,Dreams of a Life
tt1820488,70544,242843,313387,War Witch
tt1820592,2064,0,2064,Patagonia Rising
tt1821549,17654912,10027960,27682872,Nebraska
tt1821593,151840,3604511,3756351,Bullhead
tt1821641,137815,318000,455815,The Congress
tt1821658,64251541,56633986,120885527,The Nut Job
tt1821694,53262560,94813005,148075565,RED 2
tt1822311,2602,0,2602,Sparrows Dance
tt1822381,21652,0,21652,ýývocateur: The Morton Downey Jr. Movie
tt1823125,11157,998,12155,Greetings from Tim Buckley
tt1823664,85911262,47910554,133821816,Annie
tt1823672,31569268,70500000,102069268,Chappie
tt1824254,166243,291274,457517,We Steal Secrets: The Story of WikiLeaks
tt1825157,200406,1462109,1662515,The Double
tt1825683,700059566,646853595,1346913161,Black Panther
tt1825784,4175,0,4175,3 Geezers!
tt1826590,48637684,365000,49002684,About Last Night
tt1826753,18686,132032,150718,Tasting Menu
tt1827487,152408,1023441,1175849,Once Upon a Time in Anatolia
tt1827512,1470000,1034775,2504775,The Kid with a Bike
tt1827578,9342,0,9342,The End of Love
tt1828229,10975,1709582,1720557,Tales of the Night
tt1828959,125106,1346000,1471106,Make Your Move
tt1828995,498584,9197620,9696204,Delicacy
tt1829012,92181,621435,713616,Passion
tt1830786,273829,378927,652756,Rascals
tt1830792,1081,18167,19248,Romeos
tt1831609,64572,0,64572,Battle of the Brides
tt1832370,310116,0,310116,I Am Eleven
tt1832382,7099055,12800000,19899055,A Separation
tt1833673,8031955,80000000,88031955,Dhoom 3
tt1833844,38493,274264,312757,Berberian Sound Studio
tt1834234,5757,0,5757,Sushi: The Global Catch
tt1836808,258656,5944223,6202879,Great Expectations
tt1836987,240381,727291,967672,Trishna
tt1837562,228136,4551034,4779170,A Royal Night Out
tt1837574,3401,185,3586,Hyena
tt1837587,47771,13828480,13876251,War of the Buttons
tt1837613,8886,1083473,1092359,Northern Soul
tt1837703,3255008,5300000,8555008,The Fifth Estate
tt1837709,12600231,18200000,30800231,Winter's Tale
tt1838520,4404,0,4404,The Truth About Emanuel
tt1838544,11682205,6417984,18100189,Gone
tt1838556,7632729,5194850,12827579,Honest Thief
tt1838571,18000,306834,324834,Juan of the Dead
tt1839492,2540106,6588157,9128263,Ruby Sparks
tt1839596,986697,664904,1651601,Rockstar
tt1839642,350006,1456542,1806548,The Face of Love
tt1839654,102388,21433,123821,The Magic of Belle Isle
tt1840309,150947895,137937923,288885818,Divergent
tt1840417,11494838,1736623,13231461,The Words
tt1841542,6330,825820,832150,Chillar Party
tt1841713,18529,0,18529,Let My People Go!
tt1842520,1655,0,1655,They're Out of the Business
tt1843287,239056,323822,562878,Like Someone in Love
tt1843840,6095,0,6095,The Last Time I Saw Macao
tt1843866,259766572,454654931,714421503,Captain America: The Winter Soldier
tt1844203,6334,0,6334,Inescapable
tt1844735,2502,0,2502,Mekong Hotel
tt1844763,2631,0,2631,Refuge
tt1844790,22517,0,22517,The Black Dove
tt1845213,4000,0,4000,Building Hope
tt1845773,534100,347561,881661,Ai Weiwei: Never Sorry
tt1845804,101934,0,101934,In the Family
tt1845849,7413,0,7413,Price Check
tt1846472,85154,368444,453598,Something in the Air
tt1846487,72577,2162338,2234915,Reality
tt1846589,15767460,15905218,31672678,Hunter Killer
tt1847713,5290,12212150,12217440,The Guillotines
tt1847731,129834,1084675,1214509,Tomboy
tt1847746,418392,2600000,3018392,The German Doctor
tt1847750,18190,0,18190,Who Is Dayani Cristal?
tt1848767,930,0,930,A People Uncounted
tt1848771,651096,397411,1048507,Aarakshan
tt1848826,33144,0,33144,American Teacher
tt1849718,1986748,1595698,3582446,Agneepath
tt1850397,6002684,4074106,10076790,The Loft
tt1850457,87044645,17966408,105011053,Sisters
tt1852770,8139,635619,643758,Dracula 3D
tt1853614,71712,6677000,6748712,A Letter to Momo
tt1853643,2432,0,2432,Why Stop Now?
tt1853728,162805434,262562804,425368238,Django Unchained
tt1853739,18494006,8401475,26895481,You're Next
tt1854236,1631709,8385225,10016934,Love Is All You Need
tt1854513,279735,2305787,2585522,Blancanieves
tt1854564,68559554,131290761,199850315,Percy Jackson: Sea of Monsters
tt1855199,41003371,7123013,48126384,End of Watch
tt1855236,11403,22803,34206,Just Like a Woman
tt1855325,42345531,197813724,240159255,Resident Evil: Retribution
tt1855401,201436,22144,223580,Tim and Eric's Billion Dollar Movie
tt1856038,34787,323699,358486,Love in Space
tt1856057,34362,186654,221016,Phantom Boy
tt1856101,92054159,167185499,259239658,Blade Runner 2049
tt1856109,39201,0,39201,Where Soldiers Come From
tt1857913,18759,0,18759,The Sorcerer and the White Snake
tt1858481,14806,39304,54110,Last Passenger
tt1859446,16057,127177,143234,Alps
tt1859553,14272,0,14272,Never Stand Still
tt1859650,16685867,56559014,73244881,To Rome with Love
tt1860152,15123,186484,201607,17 Girls
tt1860213,35593113,58479915,94073028,Dirty Grandpa
tt1860353,83028128,199542554,282570682,Turbo
tt1860355,562218,21626,583844,Undefeated
tt1860357,61433527,60356846,121790373,Deepwater Horizon
tt1861281,18000,0,18000,Battle for Brooklyn
tt1862079,4010957,413742,4424699,Safety Not Guaranteed
tt1863406,9269,0,9269,The City Dark
tt1864288,267965,0,267965,Conan O'Brien Can't Stop
tt1864405,54051,0,54051,Low Down
tt1865335,74,0,74,Confession of a Child of the Century
tt1865346,1777,0,1777,Detention of the Dead
tt1865425,132160,0,132160,Kumarï¿
tt1865505,857522,3333148,4190670,Song of the Sea
tt1866249,6002451,3135887,9138338,The Sessions
tt1867093,2521,12699,15220,The Samaritan
tt1869425,2850357,90054,2940411,Filly Brown
tt1869716,2301839,99671,2401510,The East
tt1870529,5310554,67674,5378228,Won't Back Down
tt1870548,16692,0,16692,This Changes Everything
tt1872101,8735,362922,371657,Fanny
tt1872102,9781,2240000,2249781,Marius
tt1872181,202853933,506128390,708982323,The Amazing Spider-Man 2
tt1872194,47119388,37300000,84419388,The Judge
tt1872818,327345,823336,1150681,Liberal Arts
tt1874513,51229,0,51229,God Loves Uganda
tt1874633,31478,0,31478,Musical Chairs
tt1874789,4917,0,4917,Supporting Characters
tt1876277,704,75043,75747,Into the White
tt1876330,8437,0,8437,Hello Herman
tt1876360,16778,0,16778,Night Across the Street
tt1876373,122305,110552,232857,Lost and Found in Armenia
tt1876451,24397469,240000,24637469,Sparkle
tt1877832,233921534,512124166,746045700,X-Men: Days of Future Past
tt1878841,10753574,144719,10898293,The Darkness
tt1878870,14431633,4372015,18803648,The Edge of Seventeen
tt1880418,5000,0,5000,Newlyweds
tt1881002,187112,1206940,1394052,Maggie
tt1883092,91595,0,91595,Generation War
tt1883180,222989,1249442,1472431,A Pigeon Sat on a Branch Reflecting on Existence
tt1883367,16184,0,16184,The Human Centipede III
tt1884268,94300,96885,191185,Chalo Dilli
tt1884457,1469,0,1469,The Package
tt1885265,35025791,553000,35578791,Good Deeds
tt1885299,48995,0,48995,Lucky Them
tt1885300,1938,0,1938,Best Man Down
tt1885335,46109,0,46109,Ballplayer: Pelotero
tt1885448,68961,11800000,11868961,The Warring States
tt1886502,8919,307585,316504,Corpo Celeste
tt1891757,188850,321022,509872,Bol
tt1891769,21008,1305,22313,The Painting
tt1893256,36895,12634214,12671109,Redemption
tt1893269,360931,197121,558052,Kusama: Infinity
tt1893326,518342,0,518342,Scatter My Ashes at Bergdorf's
tt1894476,60213,865549,925762,How I Live Now
tt1894561,120680,0,120680,Cowgirls 'n Angels
tt1895587,45055776,53219462,98275238,Spotlight
tt1899353,4105187,5043332,9148519,The Raid: Redemption
tt1901040,46021,60404,106425,Wrong
tt1904996,17616641,28600000,46216641,Parker
tt1905041,238679850,550000000,788679850,Fast & Furious 6
tt1906329,3234,0,3234,As Cool as I Am
tt1906426,15715,105319,121034,Michael
tt1906443,34577,0,34577,Orchestra of Exiles
tt1907639,96734,0,96734,Hardflip
tt1907668,93772375,68000000,161772375,Flight
tt1907707,156996,0,156996,LUV
tt1907731,25342,0,25342,Nobody Walks
tt1911553,342667,5912970,6255637,Le Chef
tt1911644,51872378,16700000,68572378,The Call
tt1911658,83850911,289664710,373515621,Penguins of Madagascar
tt1912398,122550,271330,393880,God Bless America
tt1913002,21267,27861,49128,Bonsï¿½
tt1915581,113721571,53500000,167221571,Magic Mike
tt1916670,2219,0,2219,The Night Watchman
tt1916749,5274,0,5274,The Time Being
tt1918727,15433,0,15433,California Solo
tt1918836,601,0,601,Gottfried Helnwein and the Dreaming Child
tt1918886,169181,321110,490291,Joker
tt1918965,59000,169501,228501,Murder 2
tt1920849,447954,11500000,11947954,Bachelorette
tt1921027,1677,0,1677,More Than the Rainbow
tt1921064,23219748,94611883,117831631,Pompeii
tt1921149,17484,4791538,4809022,Trash
tt1922561,13746,308602,322348,The Day He Arrives
tt1922612,11862398,6800840,18663238,Glee: The 3D Concert Movie
tt1922645,38399,91419,129818,The Fairy
tt1922685,1034589,163170,1197759,Phantom
tt1922748,103739,0,103739,The Investigator
tt1922751,19988,63149,83137,The Look
tt1922777,48086903,29625536,77712439,Sinister
tt1924394,346669,6687338,7034007,The Angels' Share
tt1924396,100035,20496315,20596350,The Best Offer
tt1924429,2328743,21932826,24261569,Trance
tt1924435,82390774,55834177,138224951,Let's Be Cops
tt1925421,233380,1994525,2227905,Elena
tt1925479,1463,253617,255080,Officer Down
tt1925518,2463,3300000,3302463,Warrior King 2
tt1929263,91443253,9889709,101332962,Heaven Is for Real
tt1929346,5677,0,5677,People of a Feather
tt1930546,207853,539287,747140,Arthur Newman
tt1931388,116476,93647,210123,Beware of Mr. Baker
tt1931435,21819348,24700000,46519348,The Big Wedding
tt1931466,5661,0,5661,Knife Fight
tt1931470,59100,5841992,5901092,Declaration of War
tt1931533,15024049,4398212,19422261,Seven Psychopaths
tt1931549,183342,0,183342,"The Man Nobody Knew: In Search of My Father, CIA Spymaster William Colby"
tt1931569,555166,2464216,3019382,The Greatest Miracle
tt1931602,6940,4023,10963,Very Good Girls
tt1932718,1065881,2433561,3499442,Thanks for Sharing
tt1932767,1066471,1644908,2711379,What Maisie Knew
tt1934231,1532594,15173480,16706074,Delhi Belly
tt1934269,117047,11621,128668,Yossi
tt1934335,66171,568613,634784,A Beautiful Life
tt1934452,147,15272,15419,Realms
tt1935089,12522,85758,98280,Blind
tt1935156,647280,0,647280,Jodorowsky's Dune
tt1935179,21590086,11023087,32613173,Mud
tt1935194,7793,9642759,9650552,Overdrive
tt1935742,9129,0,9129,Cupcakes
tt1935859,87242834,209239612,296482446,Miss Peregrine's Home for Peculiar Children
tt1935896,21832,0,21832,The ABCs of Death
tt1935897,742,7701166,7701908,Amityville: The Awakening
tt1935902,6997,0,6997,The Brass Teapot
tt1937092,21381,59165,80546,Always Kabhi Kabhi
tt1937118,338523,7144485,7483008,Chinese Puzzle
tt1937133,9572,25100000,25109572,On the Other Side of the Tracks
tt1937222,28026,0,28026,Least Among Saints
tt1937269,7965,0,7965,One Small Hitch
tt1937390,785896,9500000,10285896,Nymphomaniac: Vol. I
tt1937449,380594,106861,487455,At Any Price
tt1939659,35266619,49524059,84790678,Carrie
tt1941541,23701,0,23701,Greenwich Village: Music That Defined a Generation
tt1942971,3100,0,3100,Showrunners: The Art of Running a TV Show
tt1942989,24296,24471,48767,The Citizen
tt1943873,29273,35947,65220,You've Been Trumped
tt1945062,3003,5312,8315,About Cherry
tt1945087,6543,0,6543,In Our Nature
tt1946347,8201,10071000,10079201,Gladiators of Rome
tt1946502,20150241,12300000,32450241,UglyDolls
tt1948150,350864,371587,722451,Singham
tt1949548,598668,7438185,8036853,Heroine
tt1950135,3301,0,3301,Drunk Wedding
tt1950186,117624357,107883853,225508210,Ford v Ferrari
tt1951095,39324,0,39324,Child of God
tt1951166,101700,2420081,2521781,Capital
tt1951181,2025328,3842358,5867686,The Immigrant
tt1951216,21252,1297216,1318468,The Look of Love
tt1951261,112200072,249800000,362000072,The Hangover Part III
tt1951264,424668047,440343699,865011746,The Hunger Games: Catching Fire
tt1951265,337135885,418220826,755356711,The Hunger Games: Mockingjay - Part 1
tt1951266,281723902,371704359,653428261,The Hunger Games: Mockingjay - Part 2
tt1954204,54008,0,54008,A Beautiful Soul
tt1954315,57474,952000,1009474,Borgman
tt1954352,1832541,0,1832541,Crooked Arrows
tt1954701,150275,2600000,2750275,A Coffee in Berlin
tt1956594,38691,0,38691,Paul Williams Still Alive
tt1956620,38543473,87526036,126069509,Sex Tape
tt1956697,204373,483263,687636,Vettai
tt1959438,14752,0,14752,Kiss of the Damned
tt1959490,101200044,258000000,359200044,Noah
tt1959550,6480,0,6480,The Beat Hotel
tt1959563,75468583,101118118,176586701,The Hitman's Bodyguard
tt1961175,36249674,30984514,67234188,American Assassin
tt1961447,11146,0,11146,"Now, Forager"
tt1961604,116381,0,116381,The Undefeated
tt1964418,93436322,115599346,209035668,Tomorrowland
tt1964624,389757,11489289,11879046,In the House
tt1964773,3576,0,3576,Hide Your Smiling Faces
tt1965065,5719,0,5719,Save the Date
tt1965264,10935,0,10935,Sarah Palin: You Betcha!
tt1966359,17501244,8100000,25601244,Father Figures
tt1966566,1013945,67115573,68129518,Stalingrad
tt1966604,898317,1100960,1999277,The Imposter
tt1967545,13371528,6904284,20275812,Labor Day
tt1967614,1659002,0,1659002,The Comedian
tt1969062,1430655,394023,1824678,Infinitely Polar Bear
tt1971352,319285,272831,592116,Compliance
tt1971403,8601,0,8601,General Education
tt1972571,17237855,18995662,36233517,A Most Wanted Man
tt1972591,39175066,109500000,148675066,King Arthur: Legend of the Sword
tt1972646,153088,6627,159715,Eames: The Architect & The Painter
tt1972663,223880,169834,393714,Into the Abyss
tt1972779,26766213,9160000,35926213,The Best of Me
tt1972819,7750,0,7750,And While We Were Here
tt1974254,35647,0,35647,Far Out Isn't Far Enough: The Tomi Ungerer Story
tt1974382,19003,0,19003,The Challenger
tt1974419,1333124,2044306,3377430,The Neon Demon
tt1974420,3652206,233136,3885342,Rules Don't Apply
tt1975205,180117,0,180117,Lost Woods
tt1976000,507463,13044488,13551951,The Two Faces of January
tt1976009,5775076,28452222,34227298,Victor Frankenstein
tt1976608,906666,0,906666,Sholem Aleichem: Laughing in the Darkness
tt1976989,19684,622245,641929,Love and Honor
tt1977953,10782,0,10782,The Man Who Shook the Hand of Vicente Fernandez
tt1978447,11263,27000,38263,Policeman
tt1978480,9000,0,9000,Mosquita y Mari
tt1979172,5102,58367,63469,A Liar's Autobiography: The Untrue Story of Monty Python's Graham Chapman
tt1979319,32445,0,32445,Rurouni Kenshin Part I: Origins
tt1979320,26947624,63300000,90247624,Rush
tt1979376,434038008,639356585,1073394593,Toy Story 4
tt1979388,123087120,209120551,332207671,The Good Dinosaur
tt1980209,49875291,36300000,86175291,Pain & Gain
tt1980929,16170632,47294229,63464861,Begin Again
tt1980959,3718,0,3718,The Condemned
tt1980986,1791780,2243310,4035090,Housefull 2
tt1981080,212094,1059427,1271521,Tai Chi Zero
tt1981107,173564,9321225,9494789,The Young and Prodigious T.S. Spivet
tt1981115,206362140,438421000,644783140,Thor: The Dark World
tt1981128,33700160,187900000,221600160,Geostorm
tt1981677,65001093,50349333,115350426,Pitch Perfect
tt1981703,3709,0,3709,The Harvest/La Cosecha
tt1982113,242646,470542,713188,Gerhard Richter Painting
tt1985017,3336053,0,3336053,Atlas Shrugged II: The Strike
tt1985019,2159041,154468,2313509,Austenland
tt1985949,107509366,244824563,352333929,The Angry Birds Movie
tt1985966,119793567,154532382,274325949,Cloudy with a Chance of Meatballs 2
tt1985981,1078826,1276467,2355293,Desi Boyz
tt1986161,6100,0,6100,The Last Fall
tt1986769,887851,0,887851,Alone Yet Not Alone
tt1986953,72,646103,646175,Storage 24
tt1986998,21316,0,21316,Tio Papi
tt1987680,108252517,17600000,125852517,The Upside
tt1988544,3184,0,3184,After the Wizard
tt1989593,338803,0,338803,Red Hook Summer
tt1989712,25079,586286,611365,In Another Country
tt1990181,4876,97943,102819,Brake
tt1990217,127958,1364822,1492780,The Artist and the Model
tt1990314,3325038,1481385,4806423,Robot & Frank
tt1990352,76398,4598,80996,The Island President
tt1991031,10969,0,10969,Digging Up the Marrow
tt1991245,18119640,19038008,37157648,Chernobyl Diaries
tt1992156,14001,0,14001,Il Futuro
tt1992193,66680,0,66680,Pandora's Promise
tt1992236,665861,7407,673268,The Cremaster Cycle
tt1994534,1551,0,1551,Independent Spirits: Faith Hubley/John Hubley
tt1995260,172000,80805,252805,Battlefield America
tt1995304,41000,0,41000,Fat Kid Rules the World
tt1995341,60818,0,60818,It's a Disaster
tt1995390,3153157,7557870,10711027,Our Kind of Traitor
tt1996264,1251749,134339,1386088,"For a Good Time, Call..."
tt1996310,970325,1391694,2362019,Lore
tt1996346,1213128,0,1213128,Woman Thou Art Loosed: On the 7th Day
tt1997621,21147,0,21147,NightLights
tt1999192,7706436,0,7706436,Kevin Hart: Laugh at My Pain
tt1999890,11107431,7052260,18159691,Hell Fest
tt1999987,89661,391418,481079,Breathe In
tt2002718,8008161,7000000,15008161,Machete Kills
tt2004271,90106,0,90106,King's Faith
tt2004420,150157400,120507734,270665134,Neighbors
tt2005151,43034523,43200000,86234523,War Dogs
tt2005153,61465,0,61465,Backwards
tt2005276,37731,0,37731,Mumia: Long Distance Revolutionary
tt2006181,8176,0,8176,Jellyfish Eyes
tt2006295,12227722,12675001,24902723,The 33
tt2007360,102041,25811,127852,Computer Chess
tt2007387,11018,20127290,20138308,The Front Line
tt2007993,136166,4534266,4670432,Warriors of the Rainbow: Seediq Bale I
tt2008006,191826,2610633,2802459,A Simple Life
tt2008513,1014071,716753,1730824,First Position
tt2010939,100401,0,100401,One Track Heart: The Story of Krishna Das
tt2011159,52543632,1779578,54323210,No Good Deed
tt2011183,161194,2748653,2909847,Pastorela
tt2011232,123482,0,123482,Sigur Rï¿½ï¿½ï¿½
tt2011265,19375,0,19375,Tchoupitoulas
tt2011300,4054,0,4054,The Kitchen
tt2011953,246112,142219,388331,Keep the Lights On
tt2011971,2009517,4572398,6581915,Monsieur Lazhar
tt2012011,3434,0,3434,Scenic Route
tt2012665,1189612,5349,1194961,Repentance
tt2013293,5209580,131151283,136360863,The Wind Rises
tt2014338,58825,8229,67054,Side by Side
tt2014346,89435,0,89435,Somebody Up There Likes Me
tt2014351,112449,12407,124856,Spinning Plates
tt2014392,21496,1190077,1211573,Violeta Went to Heaven
tt2015370,55518,0,55518,Finding Joe
tt2015381,333176600,439600000,772776600,Guardians of the Galaxy
tt2016894,2347774,3195343,5543117,Ek Tha Tiger
tt2016940,100144,5364741,5464885,Man of Tai Chi
tt2017020,71017784,276527576,347545360,The Smurfs 2
tt2017038,6263670,7363849,13627519,All Is Lost
tt2017561,18058,205619125,205637183,Journey to the West
tt2018086,35296,625059,660355,Camille Claudel 1915
tt2022441,36027,0,36027,"Kill Me, Deadly"
tt2023453,49008662,28103514,77112176,Diary of a Wimpy Kid: Dog Days
tt2023587,71628180,74800000,146428180,Mama
tt2023690,61782,2061127,2122909,Sightseers
tt2024432,134506920,39458090,173965010,Identity Thief
tt2024469,92168600,130641000,222809600,Non-Stop
tt2024519,175058,5300000,5475058,The Broken Circle Breakdown
tt2024544,56671993,131061209,187733202,12 Years a Slave
tt2025526,251200,45827299,46078499,War of the Arrows
tt2025690,27569558,24529532,52099090,The Finest Hours
tt2027064,93995,0,93995,Blue Caprice
tt2027140,303187,9500000,9803187,Mood Indigo
tt2032557,552959,1614061,2167020,The Reluctant Fundamentalist
tt2033933,157415,0,157415,2005 Academy Award Nominated Short Films
tt2033981,8377,0,8377,Downloaded
tt2034031,1066981,1312173,2379154,Laggies
tt2034139,15179302,9872563,25051865,The Last Exorcism Part II
tt2034800,45540830,289393001,334933831,The Great Wall
tt2035599,26608,0,26608,"Pink Ribbons, Inc."
tt2035630,88212,58010,146222,Starlet
tt2036376,7529,0,7529,Girls Against Boys
tt2038300,12546,0,12546,"The Photographer, His Wife, Her Lover"
tt2039338,16883115,28275139,45158254,Flatliners
tt2039345,22555,1595530,1618085,Grand Piano
tt2039380,260234,0,260234,Star Raiders: The Adventures of Saber Raine
tt2039393,33680992,5600000,39280992,The Gambler
tt2040398,18558,0,18558,La Camioneta: The Journey of One American School Bus
tt2040504,49254,0,49254,Shirin in Love
tt2041488,587211,0,587211,Thunderstruck
tt2042432,9213,2386,11599,11 Flowers
tt2042568,13235319,19700000,32935319,Inside Llewyn Davis
tt2043814,157782,0,157782,Crazy Horse
tt2043879,10575,30154,40729,Found Memories
tt2043900,42423,0,42423,Last Call at the Oasis
tt2043931,215026,6056,221082,Neil Young Journeys
tt2043933,271755,586758,858513,Night Moves
tt2044729,45350,165215,210565,A Glimpse Inside the Mind of Charles Swan III
tt2048824,1914090,0,1914090,Old Fashioned
tt2048877,28102,0,28102,The Ambassador
tt2049543,4505,0,4505,Synchronicity
tt2049559,8395,0,8395,The Happy Sad
tt2049586,365422,0,365422,Glen Campbell: I'll Be Me
tt2049589,19339,0,19339,Watchers of the Sky
tt2049630,3778,0,3778,Unfreedom
tt2051818,47919,3342313,3390232,"All's Well, Ends Well 2012"
tt2051879,125687,0,125687,Europa Report
tt2051894,2861020,0,2861020,Home Run
tt2052015,82312,0,82312,Water & Power
tt2053352,1017579,703893,1721472,Diana Vreeland: The Eye Has to Travel
tt2053397,30116,26377,56493,Muran
tt2053425,2062027,23700000,25762027,Rust and Bone
tt2053463,32172757,31200000,63372757,Side Effects
tt2054790,3313,797000,800313,Age of Uprising: The Legend of Michael Kohlhaas
tt2055711,7822,0,7822,Photographic Memory
tt2055765,104810,215203,320013,The English Teacher
tt2056740,2732,0,2732,The Lesser Blessed
tt2056771,2024099,5521659,7545758,A Bigger Splash
tt2057392,18704595,16555058,35259653,Eye in the Sky
tt2057455,13957,2045,16002,Planet of Snail
tt2058107,4438438,17882455,22320893,The Railway Man
tt2058673,28782481,104936230,133718711,Point Break
tt2059171,13809,813104,826913,13 Sins
tt2059255,2343664,5355431,7699095,No
tt2062497,6629,0,6629,Breakfast with Curtis
tt2062622,1519,1322324,1323843,Postman Pat
tt2062645,151133,891540,1042673,Hecho en Mï¿½ï¿½
tt2062700,443684,1369484,1813168,Song to Song
tt2062961,112679,0,112679,Follow Me: The Yoni Netanyahu Story
tt2062969,154659,399891,554550,Sister
tt2062989,30810,0,30810,Meet the Fokkens
tt2062996,288000,45388,333388,Something from Nothing: The Art of Rap
tt2063008,92476,849565,942041,The Road
tt2063011,220496,5466823,5687319,The Viral Factor
tt2063666,106709,248230,354939,Hello I Must Be Going
tt2063713,2393,0,2393,Looking for an Icon
tt2063781,376597,123128,499725,Smashed
tt2063819,15122,0,15122,The Olivia Experiment
tt2064713,127257,0,127257,A Band Called Death
tt2064891,7103,0,7103,The Jazz Funeral
tt2064960,20694,0,20694,The Great Flood
tt2066051,96368160,98811139,195179299,Rocketman
tt2066176,201395,60352,261747,Any Day Now
tt2069784,45000,1121,46121,Greedy Lying Bastards
tt2069916,13683,0,13683,The Law in These Parts
tt2070597,10400,0,10400,Shanghai Calling
tt2070776,179091,5315819,5494910,Populaire
tt2070852,2311,0,2311,The Happy House
tt2070862,51975354,1150000,53125354,Temptation: Confessions of a Marriage Counselor
tt2071441,54000,2020864,2074864,Dangerous Liaisons
tt2071620,471842,111601,583443,The Flat
tt2072164,10697,394571,405268,Happy Magic
tt2072230,449523,30361135,30810658,Attack on Titan
tt2072233,20783704,12133649,32917353,Sleepless
tt2072987,79627,0,79627,Harvest of Empire
tt2073016,1285918,1160121,2446039,The Other Son
tt2073029,86637,70058,156695,Marina Abramovic: The Artist Is Present
tt2073070,14231,0,14231,Saheb Biwi Aur Gangster
tt2073086,1159336,393394,1552730,Still Mine
tt2073128,14554597,9131492,23686089,To the Arctic 3D
tt2073520,71906,0,71906,An Oversimplification of Her Beauty
tt2073681,2492,0,2492,The Last Day of August
tt2075276,5658,0,5658,Papirosen
tt2076220,641100,1313025,1954125,Holy Motors
tt2076897,44906,87150,132056,My Brother the Devil
tt2077747,6950,0,6950,"Love, Marilyn"
tt2077833,777373,28565090,29342463,Rowdy Rathore
tt2077851,2266067,0,2266067,Sleepwalk with Me
tt2079512,4956,0,4956,Herman's House
tt2080374,17766658,16675215,34441873,Steve Jobs
tt2082155,9338,0,9338,Looking for Maria Sanchez
tt2082197,2804874,1685260,4490134,Barfi!
tt2082232,10550,0,10550,China Heavyweight
tt2082496,5872,305966,311838,A Bottle in the Gaza Sea
tt2083231,1061,188678,189739,Java Heat
tt2083355,70525195,2310515,72835710,The Best Man Holiday
tt2083379,5750,0,5750,A Dark Truth
tt2083383,35763137,13200000,48963137,Trouble with the Curve
tt2084098,10033,579266,589299,Starry Starry Night
tt2084773,12366,0,12366,America the Beautiful 2: The Thin Commandments
tt2084953,55824,0,55824,Terms and Conditions May Apply
tt2084970,91125683,142430025,233555708,The Imitation Game
tt2084989,444098,143076,587174,Upstream Color
tt2085759,5074,0,5074,Bidder 70
tt2085888,15312,0,15312,Only the Young
tt2085910,296359,71047,367406,Room 237
tt2087850,10854,24600000,24610854,The Players
tt2088003,24752,7430646,7455398,Big Game
tt2088714,9124,2986,12110,Call Me Kuchu
tt2088883,38602,15202,53804,Rising from Ashes
tt2089674,10358,0,10358,Elemental
tt2089721,3323,0,3323,Know How
tt2090447,12901,0,12901,A Green Story
tt2091256,73921000,51506681,125427681,Captain Underpants: The First Epic Movie
tt2091398,22664,0,22664,The Revisionaries
tt2091473,7597898,540890,8138788,Promised Land
tt2091935,34694,572901,607595,Mr. Right
tt2092011,2749,485578,488327,What Richard Did
tt2093067,7426,0,7426,Bel Borba Aqui
tt2093109,126238,0,126238,Escape Fire: The Fight to Rescue American Healthcare
tt2093269,16983,0,16983,The Prophet's Son
tt2093990,1237,17769321,17770558,El Niï¿½
tt2093991,1055287,743145,1798432,Elvis & Nixon
tt2094034,30186,0,30186,Runoff
tt2094064,4328849,1012372,5341221,Much Ado About Nothing
tt2094155,29634,0,29634,Dead Man's Burden
tt2094766,54647948,186049908,240697856,Assassin's Creed
tt2094877,217883,11166132,11384015,Haute Cuisine
tt2094890,157937,0,157937,Mother of George
tt2094920,10082,0,10082,Putin's Kiss
tt2095713,2120,0,2120,Missionary
tt2095768,7051,1854,8905,This is Congo
tt2096672,86208010,83629000,169837010,Dumb and Dumber To
tt2096673,356461711,501149463,857611174,Inside Out
tt2097298,44482410,1227649,45710059,"McFarland, USA"
tt2097307,13749300,704054,14453354,Hit and Run
tt2097331,262921,386634,649555,The Family Fang
tt2098628,107352,155038,262390,Augustine
tt2099788,6115,0,6115,Welcome to Pine Hill
tt2101341,10895295,7179244,18074539,Dead Man Down
tt2101383,566006,460282,1026288,Knight of Cups
tt2101441,14124284,17600000,31724284,Spring Breakers
tt2102502,64432,22194747,22259179,My Lucky Star
tt2103217,31081,2600194,2631275,Maniac
tt2103227,24449,0,24449,Otter 501
tt2103254,84525432,15850000,100375432,Tammy
tt2103264,3346265,11511975,14858240,Emperor
tt2103267,318982,1256767,1575749,Adore
tt2103281,208545589,502098977,710644566,Dawn of the Planet of the Apes
tt2104994,105710,21831,127541,Steve Jobs: The Lost Interview
tt2105044,100345,1843942,1944287,V/H/S
tt2106361,47602194,113900000,161502194,Into the Storm
tt2106476,613308,16128949,16742257,The Hunt
tt2106739,14062,0,14062,Gayby
tt2106741,117629,1410951,1528580,The Bullet Vanishes
tt2107648,4534,0,4534,Here Comes the Devil
tt2109184,53885000,88917657,142802657,Paranormal Activity 4
tt2109248,245439076,858614996,1104054072,Transformers: Age of Extinction
tt2111392,7429,0,7429,Raze
tt2112096,4772155,33143816,37915971,Absolutely Fabulous: The Movie
tt2112124,5307960,4926693,10234653,Chennai Express
tt2112131,2519190,1697798,4216988,Dabangg 2
tt2112152,67421,0,67421,For No Good Reason
tt2112293,41113,0,41113,The Comedy
tt2113075,494608,11695,506303,The Inevitable Defeat of Mister & Pete
tt2113113,111205,0,111205,"Wild Horse, Wild Ride"
tt2113659,285863,350038,635901,Elsa & Fred
tt2113681,944193,50186000,51130193,The 100 Year-Old Man Who Climbed Out the Window and Disappeared
tt2113685,9480,0,9480,In the House of Flies
tt2113822,312954,605533,918487,Back to 1942
tt2114358,2734,0,2734,Black Out
tt2115295,1012973,661803,1674776,Ginger & Rosa
tt2118609,4674,0,4674,Death Metal Angola
tt2118702,15941,30469,46410,Patience
tt2118775,12666,29127270,29139936,Special ID
tt2119463,64489,0,64489,Let the Fire Burn
tt2119532,67209615,108092739,175302354,Hacksaw Ridge
tt2119543,68549695,62907452,131457147,The House with a Clock in Its Walls
tt2120120,78747585,166127224,244874809,Pixels
tt2120152,71968,0,71968,The Invisible War
tt2120779,1294,2786,4080,Jason Becker: Not Dead Yet
tt2121382,1359497,2734842,4094339,Force Majeure
tt2122340,434107,255754,689861,Ferrari Ki Sawaari
tt2123342,35271,0,35271,Underdogs
tt2123884,1297,0,1297,3 Nights in the Desert
tt2124074,18869,112339,131208,28 Hotel Rooms
tt2124803,132055,0,132055,How to Survive a Plague
tt2124908,510334,118773,629107,Shut Up and Play the Hits
tt2125423,109983,36492,146475,Five Broken Cameras
tt2125435,12795746,8312000,21107746,Beasts of the Southern Wild
tt2125439,1428,0,1428,Bestiaire
tt2125480,151098,159903,311001,Dancing in Jaffa
tt2125490,390024,0,390024,Detropia
tt2125608,3696196,5426210,9122406,Searching for Sugar Man
tt2125653,210752,8407,219159,The House I Live In
tt2125666,2401999,93707,2495706,The Queen of Versailles
tt2125698,5514,207110,212624,Young and Wild
tt2126235,2280004,2531521,4811525,Collide
tt2126355,155190832,318800000,473990832,San Andreas
tt2126357,39282227,33000000,72282227,Second Act
tt2129930,5549,0,5549,Booker's Place: A Mississippi Story
tt2130136,22107,0,22107,Murder Eleven
tt2130242,177743,304053,481796,Tere Naal Love Ho Gaya
tt2130282,30408,0,30408,These Birds Walk
tt2130321,310154,8163,318317,West of Memphis
tt2131523,24529,0,24529,Graceland
tt2131698,42330,135423,177753,Zaytoun
tt2132285,5845732,13300000,19145732,The Bling Ring
tt2132324,8884,4379023,4387907,White Elephant
tt2132374,3450,0,3450,Life's a Breeze
tt2133196,830129,723208,1553337,Born to Be Blue
tt2133214,110746,0,110746,Duran Duran: Unstaged
tt2133239,14928,0,14928,I Declare War
tt2133243,2621,0,2621,Indigo Children
tt2134092,52986,6438,59424,The Extraordinary Voyage
tt2137241,98868,40305,139173,Rock on 2
tt2139881,30316271,23161482,53477753,Long Shot
tt2139919,104442,12341,116783,Gimme the Loot
tt2140037,1513793,1553738,3067531,Jane Got a Gun
tt2140373,83301580,34566404,117867984,Saving Mr. Banks
tt2140379,12279691,18243535,30523226,Self/less
tt2140465,3043479,1136602,4180081,Tanu Weds Manu Returns
tt2140479,86260045,68900000,155160045,The Accountant
tt2140507,5979540,5365152,11344692,The Current War: Director's Cut
tt2140571,4034017,673616,4707633,The Broken Hearts Gallery
tt2140577,13769,0,13769,The Pretty One
tt2140619,18612,473720,492332,Two Night Stand
tt2141717,47439,0,47439,Entre les Bras
tt2141751,102757,320549,423306,God Help the Girl
tt2141773,157768,0,157768,Hell and Back
tt2141935,13146,0,13146,Sol LeWitt
tt2147048,2075,0,2075,Red Flag
tt2147134,701278,0,701278,56 Up
tt2147225,5782,0,5782,Black November
tt2147728,22214,16760,38974,I Used to Be Darker
tt2148530,27834,0,27834,Don Carlo
tt2150332,2293798,5522775,7816573,Renoir
tt2151739,8612,0,8612,Meet Me in Montenegro
tt2151988,3836,0,3836,"High Tech, Low Life"
tt2152198,67966,146347,214313,The Pervert's Guide to Ideology
tt2157103,3216,0,3216,Blackhats
tt2158531,41537,0,41537,Holla II
tt2160105,1359,1619278,1620637,I Still See You
tt2165735,128195,24548146,24676341,Drug War
tt2166214,379466,455629,835095,Khiladi 786
tt2167056,369065,0,369065,When Comedy Went to School
tt2167202,10501938,1304494,11806432,Getaway
tt2167266,510007,4368235,4878242,Tracks
tt2167715,724,0,724,It's All So Quiet
tt2168910,1227789,1496906,2724695,Cocktail
tt2169322,6945,84105088,84112033,Finding Mr. Right
tt2170242,173819,0,173819,Yellow Day
tt2170299,7779614,24723,7804337,Bad Words
tt2170439,54445357,53200000,107645357,Horrible Bosses 2
tt2170593,44137712,10699522,54837234,St. Vincent
tt2171875,3533,0,3533,Tricked
tt2171902,23868,0,23868,Happy Valley
tt2172071,670086,667195,1337281,Student of the Year
tt2172584,350741,987624,1338365,Maps to the Stars
tt2172934,30697999,21900000,52597999,3 Days to Kill
tt2172935,3419967,4553000,7972967,Metallica Through the Never
tt2172985,64065,13385,77450,The Art of the Steal
tt2174896,52823,0,52823,To Be Takei
tt2176013,3047539,3655575,6703114,Jab Tak Hai Jaan
tt2176228,10850,0,10850,As It Is in Heaven
tt2176504,4375,0,4375,The End of Time
tt2176786,32286,1200000,1232286,For a Woman
tt2177511,76908,1490431,1567339,Caesar Must Die
tt2177771,78031620,76952415,154984035,The Monuments Men
tt2178256,56823,392241,449064,The Rocket
tt2178470,3827466,2362532,6189998,Yeh Jawaani Hai Deewani
tt2178508,771789,846572,1618361,Son of Sardaar
tt2178941,1013902,3115348,4129250,Barbara
tt2179116,1315590,186005,1501595,The Kings of Summer
tt2179121,8111,29537789,29545900,What's in a Name?
tt2179136,350126372,197300000,547426372,American Sniper
tt2179171,6756,0,6756,Calling All Earthlings
tt2180351,149614,4379,153993,Eating Animals
tt2180411,128002372,84900000,212902372,Into the Woods
tt2181831,12153,0,12153,Shahid
tt2181931,1862086,1202732,3064818,English Vinglish
tt2182972,32251,376667,408918,Song One
tt2183034,38934842,6401862,45336704,Earth to Echo
tt2183702,25651,0,25651,Gurukulam
tt2184287,1624,603779,605403,Summer in February
tt2184331,100887,11016,111903,Una noche
tt2184339,64473115,24855512,89328627,The Purge
tt2186663,11640,0,11640,36 Saints
tt2186781,5788,0,5788,Five Dances
tt2186933,143507,85629,229136,Luv Shuv Tey Chicken Khurana
tt2187115,97170,896956,994126,Child's Pose
tt2187884,171962,0,171962,Escape from Tomorrow
tt2187972,155758,114087,269845,Shirin Farhad Ki Toh Nikal Padi
tt2190367,60255,404827,465082,Neighboring Sounds
tt2190838,7078,0,7078,Stage Fright
tt2191701,133668525,113315753,246984278,Grown Ups 2
tt2191721,52618,25406,78024,Jodi Breakers
tt2192016,67533,1794581,1862114,The Dark Horse
tt2193215,16973715,54035619,71009334,The Counselor
tt2193418,641,1949,2590,Hammer of the Gods
tt2194328,120980,31366,152346,Finding Fela!
tt2194499,15322921,71777528,87100449,About Time
tt2195548,205139,237174,442313,Prince Avalanche
tt2196055,40169,0,40169,Teenage
tt2196658,52577,0,52577,La forza del destino
tt2197905,1708,0,1708,Dystopia: 2013
tt2198094,132498,0,132498,1+1=11
tt2199543,20262,759573,779835,Futuro Beach
tt2199571,26461644,45100000,71561644,Run All Night
tt2200144,943,1250699,1251642,Demi-soeur
tt2201548,8348,0,8348,A Teacher
tt2202471,309200,1224674,1533874,Love
tt2203939,83911193,112799203,196710396,The Other Woman
tt2204371,174197,0,174197,Somm
tt2205401,17390770,143544,17534314,Addicted
tt2205591,71737,0,71737,Runaway Slave
tt2205697,81071,896600,977671,Stuck in Love.
tt2205904,849521,52128,901649,Generation Iron
tt2205948,180440,5635890,5816330,Puella Magi Madoka Magica the Movie Part 1: Beginnings
tt2206498,19482,0,19482,In Over My Head
tt2207006,110904,0,110904,The Obama Effect
tt2207050,59874,10700000,10759874,Bicycling with Moliï¿½ï
tt2209418,8114627,3061842,11176469,Before Midnight
tt2209764,23022309,80016949,103039258,Transcendence
tt2210834,30283,1440299,1470582,Jimmy P.
tt2212008,56574,405206,461780,The Bag Man
tt2213054,1122527,312745,1435272,Kai po che!
tt2215077,54529,251864,306393,Half of a Yellow Sun
tt2215151,1205273,0,1205273,Inequality for All
tt2215285,65653242,1246000,66899242,Madea's Witness Protection
tt2215363,4960,0,4960,Futaba kara tooku hanarete
tt2215366,144123,0,144123,From Beneath
tt2215395,29494,34631,64125,Paulette
tt2215477,2738863,2101196,4840059,Goliyon Ki Rasleela Ram-Leela
tt2215719,25326071,7400885,32726956,Katy Perry: Part of Me
tt2216240,414437,2274007,2688444,A Hijacking
tt2217458,45502,1488889,1534391,Reaching for the Moon
tt2217859,163807,996917,1160724,Louder Than Bombs
tt2218003,5750401,581538,6331939,Closed Circuit
tt2219514,1775316,1422299,3197615,Fill the Void
tt2219650,743541,164201,907742,Seymour: An Introduction
tt2221784,10278,0,10278,Shepard & Dark
tt2222042,593964,0,593964,Love and Monsters
tt2222206,23899,0,23899,Dear Mr. Watterson
tt2222584,12133,0,12133,In No Great Hurry: 13 Lessons in Life with Saul Leiter
tt2223990,28842237,619809,29462046,Draft Day
tt2224004,6147,0,6147,Sweetwater
tt2224026,177397510,208644097,386041607,Home
tt2224317,581813,207858,789671,Lootera
tt2226417,83586447,78332871,161919318,Insidious: Chapter 2
tt2226519,3080,25784,28864,Plush
tt2226597,30348555,32483654,62832209,The Mountain Between Us
tt2229499,24477704,3800000,28277704,Don Jon
tt2229842,46720,30901,77621,Table No. 21
tt2231138,6420,0,6420,Some Velvet Morning
tt2231461,101028233,327000000,428028233,Rampage
tt2232578,8462,0,8462,Canopy
tt2234003,3600006,13287735,16887741,Calvary
tt2234155,44672764,48820080,93492844,The Internship
tt2234261,266588,4522129,4788717,The Love Punch
tt2234315,52768,0,52768,Occupy Unmasked
tt2235108,4404154,229807,4633961,Dear White People
tt2235248,42892,0,42892,Andre Gregory: Before and After Dinner
tt2235779,8509867,9325000,17834867,The Quiet Ones
tt2237822,342941,0,342941,Koch
tt2238050,33821,435880,469701,White Bird in a Blizzard
tt2238839,256451,3788930,4045381,Love in the Buff
tt2239400,14056,0,14056,Head Games
tt2239822,41189488,184684740,225874228,Valerian and the City of a Thousand Planets
tt2239832,65182182,4999246,70181428,Think Like a Man Too
tt2241069,2592,0,2592,Carl
tt2241351,41012075,52270529,93282604,Money Monster
tt2241750,1631,0,1631,Drown
tt2243389,1368119,10356000,11724119,I'm So Excited!
tt2243537,40041683,20100000,60141683,A Haunted House
tt2244856,370218,0,370218,Hava Nagila: The Movie
tt2244901,34657,28200000,28234657,I Give It a Year
tt2245003,1162653,6411344,7573997,Miss You Already
tt2245084,222527828,435300000,657827828,Big Hero 6
tt2245171,28066,1204074,1232140,The Cut
tt2245195,17646,0,17646,The History of Future Folk
tt2246526,24630,0,24630,Born to Fly: Elizabeth Streb vs. Gravity
tt2246565,180590,0,180590,An Honest Liar
tt2246724,203044,261759,464803,Ghanchakkar
tt2247432,70495,0,70495,Go for Sisters
tt2247476,30127963,10791,30138754,When the Game Stands Tall
tt2247692,33449086,0,33449086,2016: Obama's America
tt2247696,16050,0,16050,Out of the Clear Blue Sky
tt2249278,7358,158533,165891,The Film Critic
tt2250032,18938,0,18938,Smash & Grab: The Story of the Pink Panthers
tt2250380,8093,0,8093,Next Year Jerusalem
tt2250912,334201140,545965784,880166924,Spider-Man: Homecoming
tt2258281,124919,548574,673493,Beyond the Hills
tt2258345,3769873,9600000,13369873,Fading Gigolo
tt2258858,1347747,5151422,6499169,Wadjda
tt2259360,1067,13966,15033,Caught in the Web
tt2260060,4008,0,4008,Yangsi
tt2260728,15875,0,15875,This Binary Universe
tt2261287,24702560,81424718,106127278,Leap!
tt2261331,1171559,2586544,3758103,Black Sea
tt2261409,10681,0,10681,Made in Cleveland
tt2261434,306917,442736,749653,A Five Star Life
tt2262126,30949,10675,41624,Kalakalappu
tt2262161,159714,1142768,1302482,Sunset Song
tt2262212,69510,11369,80879,Taur Mittran Di
tt2262227,50151543,49632013,99783556,The Book of Life
tt2263058,79772,1524837,1604609,More Than Honey
tt2263944,2553002,47800000,50353002,Dragon Ball Z: Battle of Gods
tt2265171,2627209,3939707,6566916,The Raid 2
tt2265398,343341,58573,401914,Drinking Buddies
tt2265431,2105,0,2105,Me You and Five Bucks
tt2266938,59059,3969484,4028543,Vulgaria
tt2267968,143528619,377642206,521170825,Kung Fu Panda 3
tt2267998,167767189,201563174,369330363,Gone Girl
tt2268016,66013057,51800000,117813057,Magic Mike XXL
tt2268732,561457,77664,639121,Museum Hours
tt2270760,1117,3188,4305,The Tower
tt2271641,213476,0,213476,Thaandavam
tt2272336,9195,0,9195,Ghost Team One
tt2273471,23048,0,23048,History of Jazz: Oxygen for the Ears
tt2273657,4719695,541900,5261595,True Story
tt2274570,19613,0,19613,Bad Milo
tt2274648,21903748,22760942,44664690,Hellboy
tt2275471,7117,7030,14147,A Perfect Man
tt2275549,809590,0,809590,Bill W.
tt2275629,72476,228366,300842,Cliffs of Freedom
tt2275794,342184,366256,708440,Gori Tere Pyaar Mein!
tt2275802,738525,484894,1223419,Satyagraha
tt2276023,100403,0,100403,The United States of Autism
tt2276069,46874,0,46874,A Master Builder
tt2277150,6601,0,6601,Aatsinki: The Story of Arctic Cowboys
tt2277860,486295561,542275328,1028570889,Finding Dory
tt2278388,59301324,113635617,172936941,The Grand Budapest Hotel
tt2278668,476,0,476,Triumph of the Wall
tt2278871,2199787,5180019,7379806,Blue Is the Warmest Color
tt2279339,26302731,16124181,42426912,Love the Coopers
tt2279373,162994032,162192000,325186032,The SpongeBob Movie: Sponge Out of Water
tt2279922,5122,0,5122,Return to Nuke 'Em High Volume 1
tt2280344,16731,64212,80943,Burning Bush
tt2280836,59403,0,59403,Sweet Dreams
tt2281159,4105,0,4105,Contracted
tt2281267,60064,0,60064,Gregory Crewdson: Brief Encounters
tt2281587,51183113,29200000,80383113,Muppets Most Wanted
tt2282662,20584,0,20584,Our Nixon
tt2283336,80001807,173888894,253890701,Men in Black: International
tt2283362,404515480,557562066,962077546,Jumanji: Welcome to the Jungle
tt2286990,2098,206007,208105,The Right Kind of Wrong
tt2287170,101438,0,101438,Man from Reno
tt2287621,1170,0,1170,A Zombie Invasion
tt2289526,19501,2271388,2290889,Going Away
tt2289538,317324,5188381,5505705,On My Way
tt2289920,14360,0,14360,Justice Is Mind
tt2290065,6388,0,6388,100 Bloody Acres
tt2290113,1352,0,1352,Along the Roadside
tt2290151,105998,0,105998,Big Star: Nothing Can Hurt Me
tt2290739,5746,1422748,1428494,The Devil's Hand
tt2290828,43171,197516,240687,Road to Ninja: Naruto the Movie
tt2290840,922921,79839675,80762596,Masquerade
tt2291540,1361611,75140,1436751,My Friend Dahmer
tt2292625,151778,78358,230136,Chakravyuh
tt2292903,2075,0,2075,Rubberneck
tt2292959,56825,213360,270185,The Canyons
tt2293060,28782,0,28782,Americons
tt2293640,336045770,823352627,1159398397,Minions
tt2294449,191719337,139614539,331333876,22 Jump Street
tt2294629,400738009,873481000,1274219009,Frozen
tt2294677,2963902,151051,3114953,In a World...
tt2294679,10068,0,10068,Informant
tt2294729,36280,0,36280,Mansome
tt2294917,62652,39363,102015,Becoming Traviata
tt2294965,9417,0,9417,Zero Charisma
tt2295564,2572,0,2572,McCanick
tt2295722,11774,255702,267476,Falcon Rising
tt2296404,35067,346834,381901,Tai Chi 2: The Hero Rises
tt2296697,42606,36351,78957,Concussion
tt2296747,37766,1272052,1309818,Come What May
tt2296777,43242871,47103000,90345871,Sherlock Gnomes
tt2298384,8425,3213129,3221554,Love Is in the Air
tt2298394,4198,0,4198,Free the Nipple
tt2299842,22080,3601250,3623330,Pieta
tt2301155,369573,341793,711366,Shootout at Wadala
tt2301592,293680,264956,558636,The Dance of Reality
tt2302755,98925640,71344561,170270201,Olympus Has Fallen
tt2302966,1449232,1750881,3200113,I
tt2304426,12189,1101838,1114027,The Selfish Giant
tt2304459,549185,0,549185,23 Blast
tt2304485,4291,0,4291,Art Is... The Permanent Revolution
tt2304583,38492,0,38492,Death by China
tt2304771,8323085,19010750,27333835,Mandela: Long Walk to Freedom
tt2304915,258237,80971,339208,The Green Prince
tt2304933,34916787,74989585,109906372,The 5th Wave
tt2304997,3775,0,3775,They Come to America
tt2305051,37880356,14621185,52501541,Wild
tt2306745,422853,98328,521181,Sound City
tt2309021,81381,77666,159047,We Are What We Are
tt2309048,44788,276293,321081,Double Trouble
tt2309224,33232,258007,291239,Big Bad Wolves
tt2309260,22764410,20200000,42964410,The Gallows
tt2309762,8350,0,8350,Eternity: The Movie
tt2309764,1232018,742727,1974745,Singham Returns
tt2309788,2415727,157889,2573616,The Gatekeepers
tt2309961,121179,0,121179,Afflicted
tt2310332,255119788,700900000,956019788,The Hobbit: The Battle of the Five Armies
tt2311428,3256,0,3256,Windsor Drive
tt2312406,19365,0,19365,Peter Brook: The Tightrope
tt2312616,13137,0,13137,The Pleasures of Being Out of Step
tt2312718,20158898,22900000,43058898,Homefront
tt2312890,174496,1259,175755,Afternoon Delight
tt2313896,34768,0,34768,Beneath the Harvest Sky
tt2314374,2592,0,2592,Jake Squared
tt2315152,342922,41336378,41679300,A Werewolf Boy
tt2315582,22815,485354,508169,Una
tt2316204,74262031,166629732,240891763,Alien: Covenant
tt2316411,1008726,2388000,3396726,Enemy
tt2316799,195494,0,195494,La traviata
tt2316868,70918,0,70918,The Better Angels
tt2317337,549001,190084,739085,Vicky Donor
tt2318092,23438250,11279923,34718173,Endless Love
tt2318527,8785,0,8785,Hell Baby
tt2318625,26966,39051,66017,Out in the Dark
tt2318701,11428,0,11428,The Final Member
tt2319580,3430018,862499,4292517,The Grand Seduction
tt2319760,64414,603212,667626,Girlfriend Boyfriend
tt2320924,13385,0,13385,War of the Worlds: Goliath
tt2321163,222098,18096,240194,ABCD
tt2321249,9100,0,9100,Decoding Deepak
tt2321405,309766,5562832,5872598,My Life as a Zucchini
tt2321549,964413,9348127,10312540,The Babadook
tt2322441,166167230,403484237,569651467,Fifty Shades of Grey
tt2322482,43393,0,43393,If You Build It
tt2322517,8253,349,8602,Mojave
tt2323836,109630,0,109630,Anohana: The Flower We Saw That Day - The Movie
tt2324384,66559,179998,246557,The Notebook
tt2325517,8447,161,8608,Almost Human
tt2325719,22887,0,22887,Hellbound?
tt2325741,11894,174944,186838,In the Fog
tt2325977,17472,93635,111107,Strangerland
tt2326554,491910,54442,546352,A Girl Walks Home Alone at Night
tt2326574,2827666,13325,2840991,The Identical
tt2326612,1075178,1015434,2090612,The Captive
tt2327430,10347,129694,140041,Liv & Ingmar
tt2328813,28608,1270427,1299035,Hard to Be a God
tt2328900,16468499,30204065,46672564,Mary Queen of Scots
tt2328922,33817,0,33817,It Felt Like Love
tt2330270,16878,0,16878,Hank and Asha
tt2330866,685839,82833860,83519699,The Thieves
tt2331100,726726,879979,1606705,Walk With Me
tt2331143,334616,19644345,19978961,"Like Father, Like Son"
tt2331880,50292,0,50292,The Fitzgerald Family Christmas
tt2332522,76202,20576,96778,Leviathan
tt2332579,202370,21451,223821,Crystal Fairy & the Magical Cactus
tt2332883,235659,227300,462959,Deepsea Challenge 3D
tt2333598,38106,266900,305006,7 Boxes
tt2333784,39322544,175335033,214657577,The Expendables 3
tt2333804,257706,513000,770706,The Zero Theorem
tt2334649,16101339,1284491,17385830,Fruitvale Station
tt2334733,44235,614297,658532,Madame Bovary
tt2334871,45852178,14993533,60845711,Snatched
tt2334873,33405481,64100000,97505481,Blue Jasmine
tt2334879,73103784,132262953,205366737,White House Down
tt2336960,9840,307816,317656,Inch'Allah
tt2338062,398,0,398,Cinemanovels
tt2338151,10616104,89754000,100370104,PK
tt2338341,3648,0,3648,The Word
tt2338424,135026,147057,282083,Tumbledown
tt2339351,8253,0,8253,Aliyah
tt2339379,8965,0,8965,Big Words
tt2339505,817192,393388,1210580,Kochadaiiyaan
tt2339741,26501323,22352982,48854305,The Woman in Black 2: Angel of Death
tt2340784,40563,22573,63136,The Last of the Unjust
tt2341664,2638,269097,271735,Come Out and Play
tt2342231,20431,0,20431,Never
tt2342708,49088,0,49088,La Rondine
tt2343158,20061,37128,57189,Run & Jump
tt2343266,200238,0,200238,No Place on Earth
tt2343793,1021398,1603363,2624761,Third Person
tt2344678,270880,425454,696334,Himmatwala
tt2345112,653651,758530,1412181,Parkland
tt2345561,17077,0,17077,Grandmaster
tt2345737,1114423,1181000,2295423,The Rover
tt2345759,80227895,329003712,409231607,The Mummy
tt2347497,14567,112027,126594,Silent Night
tt2347569,4069826,4885531,8955357,Frances Ha
tt2349144,130541,292205,422746,Mississippi Grind
tt2349460,2507201,0,2507201,Grace Unplugged
tt2350432,194102,903,195005,Free Angela and All Political Prisoners
tt2350496,4235151,7386430,11621581,The Lunchbox
tt2351098,19480,0,19480,A Picture of You
tt2352196,21497,0,21497,Thank You for Your Service
tt2352488,42534,0,42534,Interior. Leather Bar.
tt2353767,53895,2495673,2549568,"1,000 Times Good Night"
tt2354407,781196,793507,1574703,Teri Meri Kahaani
tt2355495,15071,0,15071,Barefoot
tt2355540,200036,0,200036,Cutie and the Boxer
tt2356180,1636731,689186,2325917,Bhaag Milkha Bhaag
tt2357129,16131410,19800000,35931410,Jobs
tt2357291,131538435,367242682,498781117,Rio 2
tt2357377,665210,48300000,48965210,The Berlin File
tt2357926,80108,0,80108,Ramaiya Vastavaiya
tt2358456,67845,0,67845,I Am Big Bird: The Caroll Spinney Story
tt2358891,2852400,18500000,21352400,The Great Beauty
tt2358925,10219501,4211752,14431253,Unfinished Business
tt2359024,258384,734929,993313,Blue Ruin
tt2359085,28663,0,28663,Hitler's Children
tt2359137,3329674,0,3329674,Last Ounce of Courage
tt2359381,13243,0,13243,Days and Nights
tt2359427,302645,30345,332990,Linsanity
tt2359810,903232,268529,1171761,Raanjhanaa
tt2361110,677,261735,262412,Grand dï¿½ï¿½
tt2361317,10378555,12300000,22678555,Live by Night
tt2361509,75764672,118800000,194564672,The Intern
tt2361700,288757,0,288757,Antarctica: A Year on Ice
tt2361846,15077,0,15077,Cheatin'
tt2363213,1369,3719976,3721345,Ragnarok
tt2363471,243550,34101,277651,The Summit
tt2364841,19316646,43358449,62675095,Runner Runner
tt2364897,2423468,3321572,5745040,The Disappointments Room
tt2364949,36128,0,36128,Touchy Feely
tt2364975,180590,1423683,1604273,We Are the Best!
tt2365580,9198356,1183684,10382040,"Where'd You Go, Bernadette"
tt2366450,1600145,1040908,2641053,Stories We Tell
tt2366608,45431,570069,615500,Lost River
tt2367996,101000,30965,131965,Mugamoodi
tt2368254,1633208,2193470,3826678,A Private War
tt2368619,50269,14807539,14857808,The Take
tt2368635,32111,834100,866211,Bird People
tt2368699,10495,0,10495,Clarence
tt2369047,14817,0,14817,Horses of God
tt2369135,43577636,159700000,203277636,Need for Speed
tt2369154,166503,243992,410495,R... Rajkumar
tt2369205,6871,2640949,2647820,Pioneer
tt2369497,3952,319796,323748,Three Worlds
tt2370248,1013100,632064,1645164,Short Term 12
tt2371287,324977,0,324977,Camp
tt2371411,50425,1901396,1951821,Painted Skin: The Resurrection
tt2371824,6508,612188,618696,Paradise: Faith
tt2371834,6701,450431,457132,Paradise: Hope
tt2372222,2472695,2761099,5233794,Kick
tt2372678,2238174,1320713,3558887,2 States
tt2372776,23959,0,23959,Harry Dean Stanton: Partly Fiction
tt2373324,2483,0,2483,Men at Lunch
tt2373878,3000,0,3000,Assistance mortelle
tt2375574,32846,64349,97195,A Field in England
tt2375605,486919,235795,722714,The Act of Killing
tt2376024,51271,0,51271,Venus and Serena
tt2377194,8512,0,8512,The Quitter
tt2377322,30577122,57360693,87937815,Deliver Us from Evil
tt2378281,44467206,54600000,99067206,Instructions Not Included
tt2378401,1700681,0,1700681,Meet the Patels
tt2378507,17273059,4815474,22088533,The Glass Castle
tt2378884,5948,0,5948,Cavemen
tt2379318,21770,647315,669085,Bright Days Ahead
tt2379418,21818,0,21818,Viola
tt2379713,200074609,680600000,880674609,Spectre
tt2380247,325653,0,325653,The Central Park Five
tt2380307,210460015,597356181,807816196,Coco
tt2380331,2171257,1175000,3346257,Words and Pictures
tt2381111,38322743,23753398,62076141,Brooklyn
tt2381249,195042377,487671890,682714267,Mission: Impossible - Rogue Nation
tt2381319,172450,0,172450,Afternoon of a Faun: Tanaquil Le Clercq
tt2381335,1538899,7330,1546229,Fed Up
tt2381941,53862963,104900000,158762963,Focus
tt2381991,48390190,116599148,164989338,The Huntsman: Winter's War
tt2382009,327167,1900000,2227167,Nymphomaniac: Vol. II
tt2382298,810454,5191,815645,Life Itself
tt2382396,373375,2058068,2431443,Joe
tt2382420,2000,0,2000,Split: A Deeper Divide
tt2383068,9221,0,9221,The Sacrament
tt2385006,8020721,1258735,9279456,Jerusalem
tt2385195,1529,0,1529,Rhymes for Young Ghouls
tt2386257,2760,0,2760,White Lies
tt2386327,8445,0,8445,The Institute
tt2386490,160799505,359500000,520299505,How to Train Your Dragon: The Hidden World
tt2386502,30104,0,30104,A Long Way Off
tt2387433,17418667,9003080,26421747,Dark Skies
tt2387499,14904426,15014319,29918745,Keeping Up with the Joneses
tt2387513,113067,4969031,5082098,The Liberator
tt2387559,30664106,20500000,51164106,Delivery Man
tt2387589,3124,0,3124,The Girl on the Train
tt2387692,11411,348387,359798,Souvenir
tt2388637,396519,634724,1031243,Ain't Them Bodies Saints
tt2388715,27695246,16335000,44030246,Oculus
tt2388759,6047,0,6047,Love & Air Sex
tt2389182,59424,0,59424,Cheap Thrills
tt2390237,92384,300321,392705,Cuban Fury
tt2390361,17550872,7738000,25288872,Enough Said
tt2390630,5895,0,5895,Medeas
tt2390962,276497,25107,301604,The Unknown Known
tt2392326,2225098,6427115,8652213,Le Week-End
tt2392810,41297,114584,155881,Queen & Country
tt2392830,1865396,2293850,4159246,A Quiet Passion
tt2393799,5418,0,5418,Flex Is Kings
tt2393805,6959,0,6959,Gabriel
tt2393845,24296,77511,101807,Kill Me Three Times
tt2394063,60438,0,60438,Too Late
tt2395417,9481,2485544,2495025,Still Life
tt2395427,459005868,943800000,1402805868,Avengers: Age of Ultron
tt2395469,5566534,22575461,28141995,Gully Boy
tt2396566,4946445,892923,5839368,20 Feet from Stardom
tt2397535,68372,4756127,4824499,Predestination
tt2398231,2429989,1389432,3819421,The Homesman
tt2398241,45020282,152163264,197183546,Smurfs: The Lost Village
tt2400275,401889,164534,566423,Goodbye to Language
tt2400336,81432,0,81432,Hating Breitbart
tt2400463,231737,123098,354835,The Invitation
tt2401007,7373,0,7373,Desperate Acts of Magic
tt2401715,11294,3940803,3952097,The Devil's Violinist
tt2401878,3759286,1900000,5659286,Anomalisa
tt2402085,340911,258929,599840,Jimi: All Is by My Side
tt2402101,208588,4882264,5090852,Dark Places
tt2402105,523511,784088,1307599,Dom Hemingway
tt2402157,25018119,7538000,32556119,The November Man
tt2402163,1055,707702,708757,Paris Countdown
tt2402927,12711491,27560644,40272135,Carol
tt2402985,52909,0,52909,Ping Pong Summer
tt2403021,7192291,5474158,12666449,The Green Inferno
tt2403393,155271,282894,438165,Desert Dancer
tt2403981,6050,4151,10201,Tip Top
tt2404027,10017,0,10017,Arjun: The Warrior Prince
tt2404181,10726630,5880945,16607575,Belle
tt2404233,31153464,119527400,150680864,Gods of Egypt
tt2404311,36918811,41500000,78418811,The Family
tt2404425,33307793,28311980,61619773,Woman in Gold
tt2404435,93432655,68927981,162360636,The Magnificent Seven
tt2404461,1331747,9300000,10631747,The Past
tt2404463,159582188,70348583,229930771,The Heat
tt2404555,171740,0,171740,Copperhead
tt2404639,466440,2155552,2621992,The Happy Prince
tt2405372,17282,0,17282,Stand Clear of the Closing Doors
tt2405792,327452,0,327452,Elaine Stritch: Shoot Me
tt2406252,373605,7976421,8350026,Venus in Fur
tt2406306,18089,0,18089,A Bit of Bad Luck
tt2406422,612717,0,612717,Walking the Camino: Six Ways to Santiago
tt2406566,51687870,48326155,100014025,Atomic Blonde
tt2406572,2250,0,2250,Anita Ho
tt2406676,112135,94144,206279,Ek Thi Daayan
tt2407380,18823,0,18823,Test
tt2407826,10135,2453,12588,Husbands in Goa
tt2409302,28534,1200000,1228534,Why Don't You Play in Hell?
tt2409818,1750,548358,550108,Open Windows
tt2414040,9395,36118,45513,An Eye for Beauty
tt2414046,11342,297007,308349,The Amazing Catfish
tt2414454,6878,0,6878,The Human Scale
tt2415458,1301696,112444,1414140,The Wolfpack
tt2415728,30168,0,30168,Paul Taylor Creative Domain
tt2416376,3877,71627,75504,Swim Little Fish Swim
tt2417560,45406,0,45406,Filmistaan
tt2418372,31611,140049,171660,Abuse of Weakness
tt2419284,13199,225024,238223,Red Obsession
tt2420006,82614,0,82614,12 O'Clock Boys
tt2420124,143518,0,143518,Wendy
tt2421328,15792,0,15792,A Reason
tt2421956,17503,0,17503,Butterfly Girl
tt2422276,20507,0,20507,This Last Lonely Place
tt2424988,534601,463981,998582,Gabbar is Back
tt2425486,2107925,4353634,6461559,Gloria
tt2430104,72125,0,72125,After Tiller
tt2431286,37709979,62419893,100129872,Philomena
tt2433040,1236094,0,1236094,Beyond the Mask
tt2435458,27053,0,27053,Last Weekend
tt2436386,22348241,10865000,33213241,Project Almanac
tt2436452,14344,34,14378,Exhibition
tt2436516,298457,130893,429350,Go Goa Gone
tt2437548,16986,0,16986,Goodbye to All That
tt2437954,225668,162954,388622,Singh Saab the Great
tt2442502,1092,3386490,3387582,Anything for Alice
tt2444946,1727259,0,1727259,Girl Rising
tt2445488,13598,0,13598,When the Iron Bird Flies: Tibetan Buddhism Arrives in the West
tt2445556,8870,0,8870,B-Side
tt2446042,89256424,237222717,326479141,Taken 3
tt2446600,43089,0,43089,Next Goal Wins
tt2446980,56451232,44682827,101134059,Joy
tt2447024,1352152,0,1352152,The Oscar Nominated Short Films 2011: Live Action
tt2450186,21833,783741,805574,V/H/S/2
tt2450440,288545,0,288545,The Last of Robin Hood
tt2451742,33300,0,33300,Running from Crazy
tt2452042,130178411,116054702,246233113,The Peanuts Movie
tt2452244,48791187,0,48791187,Isn't It Romantic
tt2452254,1851517,2876884,4728401,Clouds of Sils Maria
tt2457282,375627,12572253,12947880,Puella Magi Madoka Magica the Movie Part III: Rebellion
tt2458776,17780194,3536551,21316745,Bears
tt2458876,89543,0,89543,The Principle
tt2458912,8349,0,8349,Gringo Trails
tt2459022,57387,197700000,197757387,Lost in Thailand
tt2460506,3330,0,3330,Mi America
tt2461034,47558,0,47558,GMO OMG
tt2461150,17368022,12306677,29674699,Masterminds
tt2461226,52458,0,52458,Going Attractions: The Definitive Story of the American Drive-in Movie
tt2463288,59209,8063781,8122990,Walk of Shame
tt2463512,54030,28978,83008,Hateship Loveship
tt2465140,15973881,364000,16337881,The Single Moms Club
tt2465146,15160801,10151586,25312387,And So It Goes
tt2465578,158549,8955392,9113941,Human Capital
tt2466654,4560,0,4560,Smiling Through the Apocalypse
tt2466830,39819,0,39819,The Short Game
tt2467046,14019924,5663000,19682924,Left Behind
tt2467442,12959,0,12959,K2: Siren of the Himalayas
tt2473476,22424,0,22424,Be Here Now
tt2473510,18300124,60603000,78903124,Paranormal Activity: The Ghost Dimension
tt2473602,30703100,2745871,33448971,Get on Up
tt2473682,32462372,58432590,90894962,Paranormal Activity: The Marked Ones
tt2473762,6717,0,6717,Before You Know It
tt2473794,3958500,18221285,22179785,Mr. Turner
tt2474024,145427,146665,292092,The Last Five Years
tt2474976,13906,1848501,1862407,The Hallow
tt2475154,25788,0,25788,Elena
tt2476154,413903,356632,770535,Grand Masti
tt2476294,25306,12698,38004,Moscow Never Sleeps
tt2479800,767732,151859,919591,Palo Alto
tt2481202,176979,0,176979,Anita
tt2481246,10645,0,10645,Caucus
tt2481480,208693,920,209613,Rob the Mob
tt2486678,162685,511894,674579,5 to 7
tt2486682,124244,0,124244,The Square
tt2488496,936662225,1131561399,2068223624,Star Wars: Episode VII - The Force Awakens
tt2488778,27166,46756,73922,The Keeping Room
tt2489734,59081,0,59081,The Trials of Muhammad Ali
tt2490326,60058,425486,485544,Cooties
tt2492002,17306,0,17306,The Homestretch
tt2492664,22004,112000,134004,May in the Summer
tt2492916,696241,13174,709415,Muscle Shoals
tt2494384,53086,217885,270971,Aloft
tt2495118,37884,3929117,3967001,Ip Man: The Final Fight
tt2503944,13651946,22954797,36606743,Burnt
tt2504022,145088,18602,163690,Narco Cultura
tt2504610,1018169,0,1018169,The Oscar Nominated Short Films 2010: Live Action
tt2505856,5875,0,5875,Infliction
tt2505938,138811,0,138811,Good Ol' Freda
tt2506388,48668,27953,76621,Mademoiselle C
tt2506394,644635,0,644635,The Oscar Nominated Short Films 2009: Live Action
tt2507128,9802,0,9802,Birth of the Living Dead
tt2507458,6505,0,6505,Jews of Egypt
tt2510028,59696,0,59696,Frontera
tt2510434,12897,69828,82725,Alien Abduction
tt2510894,169700110,305099890,474800000,Hotel Transylvania 2
tt2511428,16971,7761,24732,Cold Comes the Night
tt2511670,63946,0,63946,Jealousy
tt2513074,1738477,29192507,30930984,Billy Lynn's Long Halftime Walk
tt2513568,1702415,0,1702415,The Oscar Nominated Short Films 2012: Live Action
tt2514028,433924,0,433924,Rosenwald
tt2514338,60231,56886,117117,Jauja
tt2515030,195792,3562536,3758328,Escobar: Paradise Lost
tt2515034,10664749,13512388,24177137,The Gunman
tt2515086,28873374,39659524,68532898,One Direction: This Is Us
tt2515164,134049,0,134049,Redwood Highway
tt2516274,33420,0,33420,The Winding Stream
tt2516424,16397,0,16397,Dying to Know: Ram Dass & Timothy Leary
tt2517044,1009620,0,1009620,The Song
tt2517300,6434,0,6434,The Suicide Theory
tt2518370,58872,0,58872,The One I Wrote for You
tt2520398,6905,0,6905,Assaulted: Civil Rights Under Fire
tt2520516,3462,2397829,2401291,The Stroller Strategy
tt2523600,48541,947449,995990,Long Live Freedom
tt2524674,59478,752,60230,Wetlands
tt2527336,620181382,712358507,1332539889,Star Wars: Episode VIII - The Last Jedi
tt2527338,515202542,558941706,1074144248,Star Wars: Episode IX - The Rise of Skywalker
tt2528814,60755732,3912142,64667874,God's Not Dead
tt2530316,1368,0,1368,Beauty and the Beholder
tt2530936,39115,0,39115,The Expedition to the End of the World
tt2531282,50190,1141,51331,The Yes Men Are Revolting
tt2531318,2930414,9353386,12283800,The Beatles: Eight Days a Week - The Touring Years
tt2531334,94178,0,94178,Keep Watching
tt2531344,60311495,33705799,94017294,Blockers
tt2532528,384473,32380,416853,Dirty Wars
tt2534514,31954,0,31954,District of Corruption
tt2534634,95952,503585,599537,The Fencer
tt2537176,809,677795,678604,I Spit on Your Grave 2
tt2537390,22272,0,22272,Slow Learners
tt2538654,894,15229656,15230550,Boule & Bill
tt2539720,38933,0,38933,Herb & Dorothy 50X50
tt2540136,22381,0,22381,Paradise Club
tt2543164,100546139,102842047,203388186,Arrival
tt2543472,132422809,173514909,305937718,Wonder
tt2545088,146702,0,146702,American Promise
tt2545118,2073582,229835,2303417,Blackfish
tt2545338,153908,0,153908,Citizen Koch
tt2545428,2334228,0,2334228,Meru
tt2546294,508695,0,508695,The 2007 Academy Award Nominated Short Films: Live Action
tt2546300,335090,0,335090,The 2006 Academy Award Nominated Short Films: Live Action
tt2547584,12545979,13429642,25975621,The Light Between Oceans
tt2547632,5384,0,5384,The Only Real Game
tt2548738,111376,0,111376,Rich Hill
tt2551396,7744,0,7744,Come Back to Me
tt2552316,58755,0,58755,Sagrada: The Mystery of Creation
tt2553908,173472,2621380,2794852,"Cinco de Mayo, La Batalla"
tt2554274,31090320,43589502,74679822,Crimson Peak
tt2554648,120459,0,120459,Spark: A Burning Man Story
tt2555268,68243,0,68243,Maidentrip
tt2555652,1598,0,1598,Forever
tt2555736,33078266,52900000,85978266,The Second Best Exotic Marigold Hotel
tt2556308,706893,683161,1390054,Holiday
tt2557256,7679,26000000,26007679,Iceman
tt2557276,4646,0,4646,Against the Sun
tt2557478,59874525,231055623,290930148,Pacific Rim: Uprising
tt2557490,43139300,44050456,87189756,A Million Ways to Die in the West
tt2559036,24638,0,24638,Olvidados
tt2560102,27054,220323,247377,Lilting
tt2561572,90411453,21300000,111711453,Get Hard
tt2562232,42340598,60874496,103215094,Birdman or
tt2566644,18654,0,18654,Seoul Searching
tt2567026,77041381,222415643,299457024,Alice Through the Looking Glass
tt2567712,54915,2970274,3025189,Starred Up
tt2568472,2648,37995,40643,Mercedes Sosa: The Voice of Latin America
tt2568862,45018541,39900000,84918541,Going in Style
tt2570224,2540,0,2540,Two-Bit Waltz
tt2570858,64521,120626,185147,The Duke of Burgundy
tt2571226,284147,0,284147,The Anonymous People
tt2574576,1625,0,1625,Cut Snake
tt2576450,679866,763613,1443479,Besharam
tt2576852,974913,23483000,24457913,The Tale of The Princess Kaguya
tt2581244,88273,186444,274717,Life After Beth
tt2581480,18319,0,18319,The Channel
tt2582426,2710,0,2710,Julia
tt2582496,6758416,2316333,9074749,Me and Earl and the Dying Girl
tt2582498,11753,2972,14725,Sweet Virginia
tt2582500,6900335,6181736,13082071,Shut In
tt2582782,27007844,10872033,37879877,Hell or High Water
tt2582784,328188,52365,380553,Flower
tt2582802,13092000,35890041,48982041,Whiplash
tt2582846,124872350,182294484,307166834,The Fault in Our Stars
tt2584384,33370906,56964119,90335025,Jojo Rabbit
tt2586000,5885,6071,11956,The Strange Little Cat
tt2586118,5638,3478,9116,The Ardennes
tt2586120,46337,353689,400026,Racer and the Jailbird
tt2587914,680113,0,680113,A Matter of Faith
tt2592614,26830068,285412558,312242626,Resident Evil: The Final Chapter
tt2593392,256682,0,256682,Alive Inside
tt2597718,4076,0,4076,Three Night Stand
tt2597760,1455,59795,61250,The Outcasts
tt2603600,419952,0,419952,Voiceless
tt2609222,12027,5100000,5112027,The French Minister
tt2609758,52543354,853000,53396354,A Madea Christmas
tt2609912,32244051,74000,32318051,Kevin Hart: Let Me Explain
tt2610862,16386,0,16386,Design Is One: The Vignellis
tt2611026,312706,0,312706,The Hornet's Nest
tt2611160,1714,0,1714,A Beautiful Now
tt2611390,49667,47538,97205,Difret
tt2614684,1270847,355000,1625847,'71
tt2614776,640979,19466,660445,City of Gold
tt2615584,410526,258544,669070,Phata Poster Nikhla Hero
tt2616594,2021,0,2021,Algorithms
tt2618368,14701,0,14701,Gloria
tt2624412,126150,114300,240450,Boulevard
tt2625030,457806,31212801,31670607,New World
tt2625810,9995,82171,92166,Into the Forest
tt2626090,347321,860065,1207386,Noble
tt2626350,14904384,71261262,86165646,Step Up All In
tt2626926,28098,5637,33735,Closed Curtain
tt2630352,29736,0,29736,Uncertain
tt2630916,89787,0,89787,Pump
tt2631186,6738000,49855,6787855,Baahubali
tt2634200,133443,0,133443,Don't Think I've Forgotten: Cambodia's Lost Rock & Roll
tt2635006,50257,0,50257,The Retrieval
tt2635622,248346,0,248346,The Attacks of 26/11
tt2636522,14400,0,14400,The Unbelievers
tt2637276,81476385,134387221,215863606,Ted 2
tt2637294,12314651,767000,13081651,Hot Tub Time Machine 2
tt2637378,37285,0,37285,Match
tt2638144,26410477,67650834,94061311,Ben-Hur
tt2639254,558173,9526450,10084623,A Little Chaos
tt2639336,10519425,8120888,18640313,Greta
tt2639344,2262223,717516,2979739,Love Is Strange
tt2644800,4640,832069,836709,Hï¿½ï¿½ï¿½ï¿½ï¿
tt2649554,3712282,2500000,6212282,Midnight Special
tt2650054,8095,6810,14905,La Maison de la radio
tt2650642,9883,1118055,1127938,In the Name of
tt2651214,48700,0,48700,American Mustang
tt2651724,70045,0,70045,Wastelander
tt2652092,2722209,674136,3396345,The Good Lie
tt2654360,152791,0,152791,Deceptive Practice: The Mysteries and Mentors of Ricky Jay
tt2654562,20709,0,20709,The Ghosts in Our Machine
tt2654572,11558,0,11558,The Preppie Connection
tt2656588,14591,0,14591,Buzzard
tt2659190,75531,1200000,1275531,Just a Sigh
tt2660888,158848340,184623476,343471816,Star Trek Beyond
tt2662710,11722,0,11722,Lucha Mexico
tt2671706,57682904,6731857,64414761,Fences
tt2673854,11006,0,11006,Midget Zombie Takeover
tt2674040,163745,0,163745,Keep on Keepin' On
tt2674426,56245075,152069111,208314186,Me Before You
tt2674430,10232,0,10232,Approaching the Unknown
tt2674454,1281258,5443107,6724365,Churchill
tt2675914,50251,0,50251,In Order of Disappearance
tt2677816,87838,334409,422247,Settai
tt2679042,22467450,59880206,82347656,Hitman: Agent 47
tt2679680,7051,32760,39811,Plot for Peace
tt2689966,27595,0,27595,Broadway Idiot
tt2690138,673151,101629,774780,The D Train
tt2691580,2142342,0,2142342,The Oscar Nominated Short Films 2013: Live Action
tt2692250,113746621,249458014,363204635,Night at the Museum: Secret of the Tomb
tt2692904,1375769,3714839,5090608,Locke
tt2693580,4611,0,4611,Miss Stevens
tt2700330,14457,0,14457,The Two Escobars
tt2702724,63285885,15558697,78844582,The Boss
tt2704752,288751,0,288751,Above and Beyond
tt2704816,16595,0,16595,Who Took Johnny
tt2704998,69179066,48500000,117679066,Game Night
tt2706264,6108,0,6108,Rangrezz
tt2707810,39985,0,39985,Submission
tt2707848,429477,2772764,3202241,Saint Laurent
tt2707858,723593,20302697,21026290,Yves Saint Laurent
tt2708254,6547,37614,44161,Life of a King
tt2709606,2597,0,2597,Last Flight of the Champion
tt2709692,270620950,240975007,511595957,Dr. Seuss' The Grinch
tt2709768,368384330,507073607,875457937,The Secret Life of Pets
tt2710368,124561,0,124561,Final: The Rapture
tt2710614,45175,0,45175,American Made Movie
tt2711898,54235,1917012,1971247,Diary of a Chambermaid
tt2712154,153068,0,153068,Backstreet Boys: Show 'Em What You're Made Of
tt2713180,85817906,126000000,211817906,Fury
tt2713406,777595,482021,1259616,Meerkats
tt2714380,1169603,1127658,2297261,The Remaining
tt2714900,1514782,869802,2384584,Finding Vivian Maier
tt2717558,164620,308270,472890,On the Job
tt2717822,8005980,11646077,19652057,Blackhat
tt2717860,7734,2140000,2147734,The Riot Club
tt2718492,3827060,7329776,11156836,Ida
tt2719848,43482270,159945314,203427584,Everest
tt2720680,44903,1319061,1363964,The Salvation
tt2720826,6901965,313062,7215027,Birth of the Dragon
tt2721510,2223,2547,4770,Behind the White Glasses
tt2721960,12101,0,12101,Hot Water
tt2723576,5012,0,5012,The Sleepwalker
tt2726552,2915,88234,91149,A Kind of Murder
tt2726560,37446117,25498698,62944815,The Longest Ride
tt2729818,30160,0,30160,Southern Baptist Sissies
tt2731398,13614,0,13614,Fifi Howls from Happiness
tt2732932,18983,0,18983,The Kill Team
tt2733258,7182,0,7182,The Strange Color of Your Body's Tears
tt2734552,1719,0,1719,You Don't Need Feet to Dance
tt2735292,2421,0,2421,L.A. Slasher
tt2736254,1031,0,1031,Absence
tt2737050,1436243,5427000,6863243,"Two Days, One Night"
tt2737310,138991,114294,253285,Mistaken for Strangers
tt2738050,6694,86352,93046,Will You Still Love Me Tomorrow?
tt2739338,2258620,218155,2476775,The Christmas Candle
tt2741806,56092,41144,97236,In Bloom
tt2749282,1115615,1784,1117399,Papa Hemingway in Cuba
tt2751390,11616,2338000,2349616,Life of Riley
tt2752200,61067,9696350,9757417,Young & Beautiful
tt2752688,3128941,42652,3171593,Rosewater
tt2752724,88045,0,88045,Money for Nothing: Inside the Federal Reserve
tt2752758,15821461,21100099,36921560,Devil's Due
tt2752772,27740955,25141063,52882018,Sinister 2
tt2756032,513447,83486,596933,The One I Love
tt2758904,4571,0,4571,Search Party
tt2759372,190229,0,190229,Code Black
tt2761118,103028,0,103028,Stevie Nicks: In Your Dreams
tt2762334,274579,244695,519274,I'm Your Hero
tt2763304,2402004,39279742,41681746,T2 Trainspotting
tt2764784,3184472,2608773,5793245,Phoenix
tt2765340,11186,114915508,114926694,So Young
tt2766004,10021,0,10021,The Life and Mind of Mark DeFriest
tt2768766,9111,0,9111,Faith Connections
tt2771200,504014165,759506961,1263521126,Beauty and the Beast
tt2771372,3322127,163000,3485127,Veronica Mars
tt2771800,7865,3009039,3016904,Rigor Mortis
tt2773246,461689,0,461689,Scotty and the Secret History of Hollywood
tt2776878,9536300,459392,9995692,Thank You for Your Service
tt2780714,7193,0,7193,Antarctic Edge: 70ï¿½ï¿½ï¿
tt2784512,14947,40038,54985,Zombeavers
tt2784678,25317471,800000,26117471,Top Five
tt2785032,18238,582924,601162,The Little Death
tt2785390,14444502,0,14444502,America: Imagine the World Without Her
tt2788512,5211,0,5211,Death Valley
tt2788556,191533,4452992,4644525,Gemma Bovery
tt2788710,6105175,5200000,11305175,The Interview
tt2788716,608852,27967,636819,Welcome to Me
tt2788732,76233151,67462187,143695338,Pete's Dragon
tt2789532,56286,0,56286,Big Men
tt2790236,54030,2153000,2207030,Beloved Sisters
tt2798920,32732301,10338614,43070915,Annihilation
tt2799166,2756333,14104804,16861137,The Pyramid
tt2800038,846704,0,846704,Atlas Shrugged: Who Is John Galt?
tt2800050,15603514,9944832,25548346,A Beautiful Planet
tt2800400,19777,0,19777,Wild Canaries
tt2802144,128261724,286089822,414351546,Kingsman: The Secret Service
tt2802154,1092800,3346681,4439481,Leviathan
tt2806788,125279,55052,180331,Fukrey
tt2806908,133232,0,133232,The Jewish Cardinal
tt2814362,607,170904,171511,United Passions
tt2815720,8022,0,8022,Straight Outta Tompkins
tt2818448,10600,0,10600,Inside the Mind of Leonardo
tt2818654,51950,46982,98932,Cemetery of Splendor
tt2820852,353007020,1162040651,1515047671,Furious 7
tt2821088,24525,415410,439935,Bastards
tt2821880,148418,94828,243246,Rangeelay
tt2822400,4870,0,4870,Nothing Bad Can Happen
tt2822672,9420546,13737100,23157646,Rock Dog
tt2822742,161129,2916625,3077754,3 Hearts
tt2823054,46009673,31058573,77068246,Mike and Dave Need Wedding Dates
tt2825924,4871,0,4871,Revelation Road 2: The Sea of Glass and Fire
tt2827708,8025,13,8038,Steak evolution
tt2828310,5116,0,5116,Intersection
tt2828840,134213,5253585,5387798,Fists of Legend
tt2828996,17329486,6630000,23959486,A Haunted House 2
tt2831404,225490,0,225490,Dr. Cabbie
tt2832470,37473,1150004,1187477,Dead Snow 2: Red vs. Dead
tt2837574,11277120,6583277,17860397,The Old Man & the Gun
tt2841572,281540,649418,930958,Dancing Arabs
tt2844798,282358,299546,581904,White God
tt2848292,184296230,102847849,287144079,Pitch Perfect 2
tt2848324,146487,0,146487,Touched with Fire
tt2848824,55397,13688,69085,Bajatey Raho
tt2852400,154120,700771,854891,A Touch of Sin
tt2852406,356000,258444,614444,Omar
tt2852432,10457,0,10457,"Norte, the End of History"
tt2852458,325196,806045,1131241,Stranger by the Lake
tt2852470,52164,24769,76933,The Missing Picture
tt2854926,54730625,23400000,78130625,Tag
tt2855026,3642,0,3642,Stop the Pounding Heart
tt2859246,34510,0,34510,Rakuen Tsuiho: Expelled from Paradise
tt2859584,4445,0,4445,Farewell Herr Schwarz
tt2865120,8821329,4564408,13385737,Ratchet and Clank
tt2866360,102617,37128,139745,Coherence
tt2869728,91221830,33383467,124605297,Ride Along 2
tt2870612,21321100,20577309,41898409,"As Above, So Below"
tt2870648,8413144,15292905,23706049,Amy
tt2870708,3591299,1892000,5483299,Wish I Was Here
tt2870756,10539326,40490035,51029361,Magic in the Moonlight
tt2870808,8265,0,8265,Life Partners
tt2871116,5819,25166,30985,"2 Autumns, 3 Winters"
tt2872462,2500431,840306,3340737,Mistress America
tt2872518,57386418,39555697,96942115,The Shack
tt2872570,543044,0,543044,On Any Sunday: The Next Chapter
tt2872718,32381217,6316000,38697217,Nightcrawler
tt2872732,126663600,332200000,458863600,Lucy
tt2872750,19375982,86833396,106209378,Shaun the Sheep Movie
tt2873282,46874505,104698129,151572634,Red Sparrow
tt2876428,154356,4469655,4624011,Buen Dï¿½ï¿½ï¿½ï¿
tt2883434,21571189,262778,21833967,Black or White
tt2883512,31424003,14543932,45967935,Chef
tt2884018,1110707,15211360,16322067,Macbeth
tt2884206,336472,144762,481234,I Origins
tt2887322,2146999,0,2146999,The Saratov Approach
tt2888046,2679437,154165316,156844753,Ip Man 3
tt2891070,23050,7532541,7555591,Hippocrates: Diary of a French Doctor
tt2891174,1411927,416305,1828232,99 Homes
tt2893490,143101,316535,459636,Manglehorn
tt2896036,11600,2591825,2603425,Living Is Easy with Eyes Closed
tt2897642,2363,0,2363,Evergreen: The Road to Legalization
tt2898306,561460,17360,578820,Harry & Snowman
tt2901548,85755,19747397,19833152,The Rooftop
tt2901736,56773,1100000,1156773,Ilo Ilo
tt2905838,2546172,39499809,42045981,Bang Bang
tt2908446,130179072,166823455,297002527,Insurgent
tt2908856,4013786,6592881,10606667,My Old Lady
tt2909116,210591,125588448,125799039,Wolf Totem
tt2910168,1196,0,1196,A Small Good Thing
tt2910274,3123963,201454,3325417,Obvious Child
tt2910520,14350,30650686,30665036,A Wedding Invitation
tt2910814,600896,1994726,2595622,The Signal
tt2910904,2022115,21740302,23762417,The Dressmaker
tt2911666,43037835,42975221,86013056,John Wick
tt2911668,45895,1054537,1100432,Beyond the Reach
tt2912144,6295,0,6295,Dast-neveshtehaa nemisoosand
tt2912776,1711,0,1711,The Looking Glass
tt2913948,19463,0,19463,Whensday
tt2914838,24956,0,24956,R100
tt2915160,201700,182970,384670,Bethlehem
tt2917566,17727,0,17727,The Other One
tt2918436,25801570,12555322,38356892,The Lazarus Effect
tt2920540,279558,1826000,2105558,"20,000 Days on Earth"
tt2920808,169976,233737,403713,God's Pocket
tt2924352,2571,0,2571,Hayride 2
tt2924392,528,0,528,Higher Power
tt2925642,143178,0,143178,Kids for Cash
tt2926810,7171,0,7171,ABCs of Death 2
tt2929890,277528,2260371,2537899,In the Name of My Daughter
tt2932536,44307191,17880338,62187529,47 Meters Down
tt2932606,60537,8773,69310,Siddharth
tt2933292,101074,0,101074,Beyond Sight: The Derek Rabelo Story
tt2933544,1020921,2658926,3679847,5 Flights Up
tt2935476,12236500,17993477,30229977,Far from the Madding Crowd
tt2935510,50188370,76987552,127175922,Ad Astra
tt2935564,190980,11871461,12062441,The Connection
tt2936174,84577,0,84577,Visitors
tt2936180,5336,1005149,1010485,Far from Men
tt2936884,691597,1390784,2082381,Lost in Paris
tt2937158,2404,0,2404,Ek Hazarachi Note
tt2937696,3400278,1244194,4644472,Everybody Wants Some!!
tt2937898,5749134,6257936,12007070,A Most Violent Year
tt2938740,8601,0,8601,Farewell to Hollywood
tt2938956,16029670,56600000,72629670,The Transporter Refueled
tt2942522,2340,7914,10254,Moebius
tt2944198,13848,0,13848,Blackfoot Trail
tt2948266,17909,0,17909,Dealin' with Idiots
tt2948356,341268248,682515947,1023784195,Zootopia
tt2950236,5514,0,5514,The Living
tt2950418,2000093,0,2000093,Greater
tt2952602,129784,10002000,10131784,Kung Fu Jungle
tt2955096,30312,0,30312,Happy Christmas
tt2960450,247159,0,247159,The Galapagos Affair: Satan Came to Eden
tt2961890,34236,0,34236,Rocks in My Pockets
tt2962826,4630,0,4630,Seeds of Time
tt2965412,8623,10907,19530,Comet
tt2966934,207584,0,207584,Under the Electric Sky
tt2967006,2880537,3049000,5929537,The Trip to Italy
tt2967224,34580201,16800000,51380201,Hot Pursuit
tt2967856,3190,131611,134801,Another Day of Life
tt2972482,280958,35660333,35941291,Kundo: Age of the Rampant
tt2974104,42393,0,42393,Fixing the Future
tt2974918,85886987,148911649,234798636,Alvin and the Chipmunks: The Road Chip
tt2975578,71962800,39965565,111928365,The Purge: Anarchy
tt2975590,330360194,543274725,873634919,Batman v Superman: Dawn of Justice
tt2978102,21256,222537,243793,Term Life
tt2978462,42024533,15800000,57824533,Dolphin Tale 2
tt2979920,450692,307786,758478,Bombay Velvet
tt2980210,4212494,4957013,9169507,A Hologram for the King
tt2980472,10970,0,10970,Just Before I Go
tt2980516,35893537,87833151,123726688,The Theory of Everything
tt2980554,8245,73134,81379,The Girl in the Book
tt2980592,332890,2367161,2700051,The Guest
tt2980648,54240821,34640000,88880821,The Hundred-Foot Journey
tt2980706,59165787,87800000,146965787,Planes: Fire & Rescue
tt2980728,12156,0,12156,Touch the Wall
tt2980794,529136,329647,858783,Highway
tt2984576,23833,0,23833,Death House
tt2989524,18957,9473,28430,Carrie Pilby
tt2991092,16831,147459,164290,Eastern Boys
tt2991224,144501,879631,1024132,Tangerines
tt2992000,13931,0,13931,Yosemite
tt2992146,87783,72200000,72287783,Young Detective Dee: Rise of the Sea Dragon
tt2992152,375892,115750566,116126458,Personal Tailor
tt2992220,16086,0,16086,Levitated Mass
tt2992538,19480,0,19480,Guardian Angel
tt2994190,13302,66322,79624,Camp X-Ray
tt2994832,4480,49363,53843,The Summer of Sangaile
tt3001638,621300,218540,839840,Mary Kom
tt3003800,13702,47991,61693,Amour Fou
tt3005242,6382924,11583949,17966873,Cantinflas
tt3006814,8808,608569,617377,Paulo Coelho's Best Story
tt3007302,20441,0,20441,Boy Meets Girl
tt3007512,4196641,33979676,38176317,The Water Diviner
tt3008014,515876,54081705,54597581,The Face Reader
tt3009772,17303,5291,22594,Ode to Joy
tt3011894,3106530,23900000,27006530,Wild Tales
tt3013258,7424,533234,540658,Sur le chemin de l'ï¿½ï¿½
tt3013610,303002,7420654,7723656,Mia Madre
tt3014078,14073,0,14073,Shangri-La Suite
tt3014284,59281555,63800000,123081555,The Lego Ninjago Movie
tt3014666,10429707,107249,10536956,Moms' Night Out
tt3014866,14708696,24095297,38803993,Criminal
tt3016266,3929,48582,52511,Salvation Army
tt3017412,313770,45772,359542,Happy Ending
tt3018070,187674,104995,292669,Stonewall
tt3020666,410185,2607,412792,Unbranded
tt3026488,33125,1172473,1205598,Alone in Berlin
tt3028018,21796,5973125,5994921,Blue Exorcist: The Movie
tt3037164,15898,3782,19680,Kills On Wheels
tt3038734,4444,214785,219229,Club Life
tt3040964,364001123,602549477,966550600,The Jungle Book
tt3041550,230808,238681,469489,Matangi/Maya/M.I.A
tt3043630,23462,77693552,77717014,Tiny Times
tt3044244,73378,2698980,2772358,The Wonders
tt3044562,15157,3138,18295,SHOT! The Psycho-Spiritual Mantra of Rock
tt3044972,1841,0,1841,Finding Happiness
tt3045616,7696134,39579561,47275695,Mortdecai
tt3053694,7192,10676,17868,Li'l Quinquin
tt3054798,111071,2233991,2345062,Memories of the Sword
tt3057572,15073,25249,40322,Of Mind and Music
tt3057836,30662,0,30662,Documented
tt3060492,10078,0,10078,Before I Disappear
tt3062096,34343574,185677685,220021259,Inferno
tt3062320,4706,0,4706,Miss Hill: Making Dance Matter
tt3062880,988150,271010,1259160,Gett
tt3062976,3447633,2519883,5967516,Learning to Drive
tt3063516,102003019,49823528,151826547,Bad Grandpa
tt3065132,2668936,97068,2766004,He Named Me Malala
tt3065204,102470008,217922810,320392818,The Conjuring 2
tt3066630,34404,13678,48082,The Forbidden Room
tt3068194,14016568,7385381,21401949,Love & Friendship
tt3072482,9252038,7558524,16810562,Hardcore Henry
tt3072636,20056,0,20056,The Past is a Grotesque Animal
tt3074732,11894,228075,239969,Of Horses and Men
tt3074780,213064,7001,220065,Supermensch: The Legend of Shep Gordon
tt3076510,51145,0,51145,Henchmen
tt3076658,109767581,63800000,173567581,Creed
tt3077108,46912,76787,123699,Appropriate Behavior
tt3077214,4702420,11300000,16002420,Suffragette
tt3079380,110825712,124840507,235666219,Spy
tt3080844,21142,2815,23957,Almost Holy
tt3082826,17702,0,17702,Kelly & Cal
tt3082854,38737,4371602,4410339,The Commune
tt3083008,13074,3322539,3335613,The Program
tt3086442,1178196,1015278,2193474,Goodnight Mommy
tt3086582,43788,47246149,47289937,Tiny Times 2.0
tt3089388,1671377,15540,1686917,Tim's Vermeer
tt3090634,65460,429489,494949,Eden
tt3091258,23078,0,23078,The Grace of Jake
tt3091304,44581,0,44581,The Dog
tt3091552,31736,0,31736,At Berkeley
tt3092606,21286,0,21286,Memphis
tt3093520,45938,0,45938,Monk with a Camera
tt3093546,200126,0,200126,Listen Up Philip
tt3095734,33370166,31123749,64493915,Monster Trucks
tt3099498,1826705,55369,1882074,Tusk
tt3102356,3089,0,3089,What Now? Remind Me
tt3103166,182695,0,182695,The Masked Saint
tt3103326,30029,0,30029,Manakamana
tt3104818,28208,0,28208,"Like Sunday, Like Rain"
tt3104988,174532921,64000000,238532921,Crazy Rich Asians
tt3106846,5534,222000,227534,Gabrielle
tt3106868,84464,62108,146572,Watermark
tt3107070,23419,0,23419,Believe Me
tt3108158,16627,0,16627,The World of Kanako
tt3110272,112159,0,112159,Penton: The John Penton Story
tt3110770,113169,0,113169,Road Hard
tt3110958,65075540,269822066,334897606,Now You See Me 2
tt3110960,560592,2606000,3166592,Jimmy's Hall
tt3114132,12423,210107,222530,10.000 Km
tt3115694,15263,0,15263,Starcrossed
tt3116072,17992,0,17992,Jamel Shabazz Street Photographer
tt3119416,10433,3140,13573,Stray Dogs
tt3121332,79800,972,80772,Nasty Baby
tt3122842,4603,0,4603,The Automatic Hate
tt3124210,26002,0,26002,Jet Trash
tt3125220,10071,0,10071,Little Accidents
tt3125324,14618727,0,14618727,Beyond the Lights
tt3125472,377607,46400000,46777607,Coming Home
tt3127022,1588150,10467718,12055868,The Bookshop
tt3127902,30414,0,30414,Dealt
tt3129564,230880,3716000,3946880,Diplomacy
tt3130776,5319,0,5319,She's Lost Control
tt3132632,19634,0,19634,Misery Loves Comedy
tt3132714,11720,337186,348906,Marie's Story
tt3135556,230069,60011,290080,Jimmy Vestvood: Amerikan Hero
tt3138166,14354,0,14354,Gone Doggy Gone
tt3139538,31849,0,31849,Amira & Sam
tt3139764,510957,0,510957,Unsullied
tt3142232,63649,27136,90785,Heropanti
tt3142234,5573,0,5573,Our Man in Tehran
tt3142366,28041,0,28041,Take Me to the River
tt3142688,615691,7070093,7685784,Finding Fanny
tt3144098,76543,4467956,4544499,Commitment
tt3146022,115265,15675,130940,Be Natural: The Untold Story of Alice Guy-Blachï¿
tt3147312,2002036,1002132,3004168,Desierto
tt3148502,2065487,13094275,15159762,Tamasha
tt3148834,4091,64193114,64197205,Thunder and the House of Magic
tt3149038,171793,871827,1043620,A Brilliant Young Mind
tt3152624,110212700,30583093,140795793,Trainwreck
tt3154822,106529,416903,523432,The Audience
tt3157318,8799,0,8799,Dawn of the Crescent Moon
tt3159708,1388365,20387329,21775694,Welcome Back
tt3163304,172860,778671,951531,The Farewell Party
tt3163908,72078,0,72078,Veil of Tears
tt3164198,333554,0,333554,Ballet 422
tt3164256,3020664,373510,3394174,Rock the Kasbah
tt3165264,1259,0,1259,Altered Perception
tt3165608,6206566,4773591,10980157,Justin Bieber's Believe
tt3165612,819431,2405516,3224947,Sleeping with Other People
tt3168230,17737646,11617557,29355203,Mr. Holmes
tt3168808,12088,0,12088,A Murder in the Park
tt3169706,1446634,6077000,7523634,Pride
tt3170832,14677654,20724104,35401758,Room
tt3170902,283024,485425,768449,Theeb
tt3172126,5777,0,5777,Undrafted
tt3172532,1477002,298131,1775133,The Diary of a Teenage Girl
tt3173594,11239,0,11239,Hacker
tt3173910,646035,270871,916906,Hasee Toh Phasee
tt3175038,730530,547578,1278108,Ek Villain
tt3175798,22167,0,22167,Princess Cut
tt3177086,20017,0,20017,"No Pay, Nudity"
tt3177316,9318,15025,24343,Honeymoon
tt3179568,705908,1000000,1705908,"Men, Women & Children"
tt3181822,35423380,17002475,52425855,The Boy Next Door
tt3181920,78400,0,78400,Blackbird
tt3182590,135392,0,135392,Sapience
tt3182620,557241,347158,904399,Bitter Harvest
tt3183630,129480,25735,155215,Boy and the World
tt3183660,234037575,580000000,814037575,Fantastic Beasts and Where to Find Them
tt3184934,146754,5069042,5215796,The New Girlfriend
tt3185602,26409,0,26409,Front Cover
tt3185650,29495,0,29495,The Dog Wedding
tt3186318,55708,0,55708,Hellion
tt3186946,3181,26093,29274,Xenia
tt3195644,52218558,60765331,112983889,Insidious: Chapter 3
tt3195742,7653913,7291888,14945801,Journey to the South Pacific
tt3197766,11998,93626360,93638358,Kill Zone 2
tt3200980,1156000,3072,1159072,Where Hope Grows
tt3201736,6424420,0,6424420,Run the Race
tt3202098,287,1580838,1581125,Lou! Journal infime
tt3202374,9719,0,9719,"If You Don't, I Will"
tt3203528,3435047,1188789,4623836,Bad Samaritan
tt3203606,7857741,377920,8235661,Trumbo
tt3203620,1323312,1221609,2544921,The Dinner
tt3203890,5842961,2048517,7891478,Pulling Strings
tt3204012,34471,6134146,6168617,Tiger & Bunny: The Rising
tt3204144,25229,2421133,2446362,Love at First Fight
tt3204632,12965,0,12965,Like Me
tt3205376,229094,1066480,1295574,Slow West
tt3208008,900,0,900,They Are We
tt3208026,57520,2015543,2073063,Black '47
tt3208880,1500,0,1500,Souldier
tt3209242,48815,0,48815,The Bounty Killer
tt3210388,65169,0,65169,Through a Lens Darkly: Black Photographers and the Emergence of a People
tt3210686,59700064,8100000,67800064,Son of God
tt3212392,19365,0,19365,Actress
tt3213222,881,0,881,Big Muddy
tt3214002,23043,0,23043,Video Games: The Movie
tt3214286,101531,0,101531,A Lego Brickumentary
tt3216348,4799774,1542081,6341855,Incarnate
tt3218580,6334,42092,48426,Allï¿½ï¿½
tt3219604,52482,1399,53881,The Last Man on the Moon
tt3222852,117755,0,117755,Victor
tt3224458,61704055,6056822,67760877,A Beautiful Day in the Neighborhood
tt3226754,4783,0,4783,"Half The Road: The Passion, Pitfalls & Power of Women's Professional Cycling"
tt3226786,46382,5302,51684,Bigger
tt3228088,196458,844231,1040689,Spark: A Space Tail
tt3228360,1164,765810,766974,Yalom's Cure
tt3230082,254666,978234,1232900,The Blue Room
tt3231010,11269209,2792533,14061742,Island of Lemurs: Madagascar
tt3231054,36880033,9189535,46069568,Risen
tt3233418,3618912,82369,3701281,Spare Parts
tt3234084,280668,0,280668,I Do... Until I Don't
tt3235888,14674076,6854517,21528593,It Follows
tt3236120,7449681,2831,7452512,I'll See You in My Dreams
tt3237942,1739,0,1739,Dark Forest
tt3240784,1903,0,1903,Sneakerheadz
tt3244466,41149,11798,52947,Love Thy Nature
tt3244512,42937,160029,202966,Charlie's Country
tt3249158,8244,234,8478,The Empty Hours
tt3249794,28556,0,28556,Restoring Tomorrow
tt3250032,5972,0,5972,"Sex, Death and Bowling"
tt3253232,321910,99494,421404,The Bounce Back
tt3253650,12077,0,12077,Little England
tt3254796,1009301,3503,1012804,Big Stone Gap
tt3261114,11947,0,11947,The Last Race
tt3262252,2242,0,2242,Memoria
tt3262342,6735118,35452547,42187665,Loving Vincent
tt3262990,478595,0,478595,Brotherly Love
tt3263520,106771,0,106771,Ivory Tower
tt3263548,30112,865,30977,The Seventh Fire
tt3263614,623383,116240,739623,"Kumiko, the Treasure Hunter"
tt3263690,12680,0,12680,Concerning Violence
tt3263904,125070033,115727590,240797623,Sully
tt3263946,148504,0,148504,Trial by Fire
tt3263996,110763,0,110763,The Overnighters
tt3264102,694600,104080,798680,Red Army
tt3267194,9331,0,9331,The Immortalists
tt3268030,87879,119352,207231,Advanced Style
tt3268340,238558,0,238558,Crown Heights
tt3268458,48911,0,48911,The Internet's Own Boy: The Story of Aaron Swartz
tt3268668,2583301,218207,2801508,Captive
tt3268850,40081,0,40081,Unrest
tt3270538,130152,0,130152,Requiem for the American Dream
tt3272570,172394,0,172394,All Things Must Pass: The Rise and Fall of Tower Records
tt3275194,19705,0,19705,The Romans
tt3276924,50136,3244181,3294317,Heist
tt3277624,63014,0,63014,Creative Control
tt3278224,2739,0,2739,I Dream in Another Language
tt3278330,118925,5378179,5497104,Tale of Tales
tt3279124,466114,0,466114,Last Days in Vietnam
tt3281074,45255,0,45255,Ai Weiwei: The Fake Case
tt3281548,108101214,97905289,206006503,Little Women
tt3282712,106986,0,106986,Best Worst Thing That Ever Could Have Happened...
tt3283556,727594,0,727594,Land Ho!
tt3284178,12260,15985,28245,Arabian Nights: Volume 1 - The Restless One
tt3286052,20435,17913,38348,The Blackcoat's Daughter
tt3289712,4704,38223,42927,Jenny's Wedding
tt3289724,10763520,2297971,13061491,Welcome to Marwen
tt3289728,33258,2051370,2084628,Equals
tt3289956,10474,5972942,5983416,The Autopsy of Jane Doe
tt3290440,315,71603,71918,The Chambermaid Lynn
tt3290872,400,0,400,Skinless
tt3290882,19597,0,19597,Uzumasa Limelight
tt3294746,573503,68332,641835,The Public
tt3295734,8331,637,8968,Colossal Youth
tt3296658,149250,1677333,1826583,Rams
tt3297330,316472,1157999,1474471,Good Kill
tt3297554,21821,0,21821,Animals
tt3300542,62524260,143230187,205754447,London Has Fallen
tt3302498,11811,0,11811,Emptying the Skies
tt3302594,8528,3155000,3163528,The Mystery of Happiness
tt3302962,921277,600501,1521778,Shaadi Ke Side Effects
tt3304524,17205,0,17205,Landfill Harmonic
tt3305308,5711,511486,517197,Trespass Against Us
tt3312830,2703296,20756062,23459358,Youth
tt3313908,375495,38780637,39156132,Women Who Flirt
tt3314958,10761,0,10761,Mala Mala
tt3315342,226277068,392744368,619021436,Logan
tt3316948,14440985,12698539,27139524,American Ultra
tt3316960,18754371,25130281,43884652,Still Alice
tt3317208,32163,46107,78270,Anesthesia
tt3317522,28281,0,28281,The Nightmare
tt3318750,108808,0,108808,Adult Beginners
tt3319508,421573,0,421573,She's Beautiful When She's Angry
tt3319844,18092,0,18092,Harry Benson: Shoot First
tt3319920,55039,17616062,17671101,Regression
tt3322364,34542474,14081098,48623572,Concussion
tt3322892,30911,24757,55668,XX
tt3322940,84273813,172773848,257047661,Annabelle
tt3324494,815,3417398,3418213,Next Time I'll Aim for the Heart
tt3326366,75881,0,75881,Whitey: United States of America v. James J. Bulger
tt3332064,35088320,93300000,128388320,Pan
tt3332308,6896,0,6896,Boom Bust Boom
tt3334212,5654,0,5654,This Isn't Funny
tt3335606,28660,369123,397783,Berlin Syndrome
tt3339534,17575,0,17575,How He Fell in Love
tt3343784,55506,0,55506,Entertainment
tt3344922,6921,527628,534549,Hungry Hearts
tt3346824,10983,170047,181030,1001 Grams
tt3348730,38052832,64900056,102952888,Jigsaw
tt3352034,15587,0,15587,Five Nights in Maine
tt3352390,3759078,7216312,10975390,Friend Request
tt3361792,4535154,3241259,7776413,Tolkien
tt3362124,20100,0,20100,Love Me True
tt3362914,50921,23712,74633,We Come as Friends
tt3365778,42297,1116398,1158695,Breathe
tt3367294,3127773,4225771,7353544,Compadres
tt3369248,4900,0,4900,Guidance
tt3369806,42656255,1311000,43967255,Max
tt3371366,130168683,475256474,605425157,Transformers: The Last Knight
tt3374966,37134,376102,413236,The Mafia Kills Only in Summer
tt3379352,1489771,0,1489771,Mully
tt3381008,6874837,18308092,25182929,The Brothers Grimsby
tt3384180,291513,0,291513,The Man in 3B
tt3385516,155442489,388491616,543934105,X-Men: Apocalypse
tt3387266,3902185,9916954,13819139,A United Kingdom
tt3387520,68947075,35598430,104545505,Scary Stories to Tell in the Dark
tt3387542,26594261,11014038,37608299,The Forest
tt3390572,1048143,356164,1404307,Haider
tt3392330,22862,605945,628807,Short Peace
tt3393786,58697076,103449000,162146076,Jack Reacher: Never Go Back
tt3394972,1598,0,1598,Miss India America
tt3395184,49970,0,49970,Spring
tt3397160,78372,604691,683063,Stefan Zweig: Farewell to Europe
tt3397884,46889293,37983151,84872444,Sicario
tt3398048,236002,6451,242453,Tevar
tt3398066,25480,0,25480,Christian Mingle
tt3398268,561085,34388482,34949567,When Marnie Was There
tt3399024,151530,39027165,39178695,Samba
tt3399916,5240,900918,906158,The Dead Lands
tt3400872,11314,0,11314,Viktoria
tt3400980,30115,0,30115,Therapy for a Vampire
tt3401392,686435,58349229,59035664,The Devotion of Suspect X
tt3401882,32187017,8900000,41087017,Fist Fight
tt3402110,251555,31026921,31278476,Tazza: The Hidden Card
tt3402236,102826543,249963268,352789811,Murder on the Orient Express
tt3404140,557236,70010303,70567539,The Attorney
tt3404158,218693,21362890,21581583,The Suspect
tt3405236,3262954,5165236,8428190,Raees
tt3409392,1076075,6103316,7179391,Timbuktu
tt3409848,200600,289092,489692,Zama
tt3410666,11021,0,11021,PAY 2 PLAY: Democracy's High Stakes
tt3410834,66184051,113062817,179246868,Allegiant
tt3411444,84410380,211658819,296069199,Ferdinand
tt3412684,173994,491623,665617,Mr. Gaga: A True Story of Love and Dance
tt3412738,7082,0,7082,Painless
tt3414960,18863,0,18863,Ktown Cowboys
tt3416532,3740823,43568490,47309313,A Monster Calls
tt3416742,3469224,2794000,6263224,What We Do in the Shadows
tt3416744,3002884,70107,3072991,The End of the Tour
tt3416828,64063008,344516030,408579038,Ice Age: Collision Course
tt3419894,136707,27790164,27926871,The Divine Move
tt3421318,4392,0,4392,30-LOVE
tt3422078,295488,200391,495879,April and the Extraordinary World
tt3422462,48694,761725,810419,Bangistan
tt3431812,7814,0,7814,The Great Man
tt3433358,15549,3635049,3650598,Number One Fan
tt3433632,10330,0,10330,SK1
tt3440132,8077,0,8077,Golden Kingdom
tt3442006,1951776,408505,2360281,Cake
tt3442990,38263,141544,179807,Lila & Eve
tt3447364,579055,248382,827437,Detective Byomkesh Bakshy!
tt3450116,870063,5221000,6091063,Darker Than Night
tt3450650,71038190,36550035,107588225,Paul Blart: Mall Cop 2
tt3450900,20444,830541,850985,The Sea of Trees
tt3450958,146880162,343839601,490719763,War for the Planet of the Apes
tt3451230,53447,2031004,2084451,High Strung
tt3451720,307040,701114,1008154,Francofonia
tt3453052,14616,0,14616,10 Days in a Madhouse
tt3455740,4280,0,4280,Set Fire to the Stars
tt3455796,4468,0,4468,Memory of the Camps
tt3455850,1088,0,1088,We Are the Giant
tt3457376,41260,0,41260,Censored Voices
tt3458118,4664,0,4664,Blood on the Mountain
tt3458236,183320,0,183320,Lambert & Stamp
tt3458760,25015,0,25015,The Lucky Man
tt3460252,54117416,101642701,155760117,The Hateful Eight
tt3462002,35555,0,35555,Finders Keepers
tt3462710,11368012,6400000,17768012,Unforgettable
tt3463106,26630,297146,323776,The Cured
tt3464018,925576,0,925576,Patterns of Evidence: Exodus
tt3464902,9077245,6379472,15456717,The Lobster
tt3465916,1505,73004,74509,Stations of the Cross
tt3467914,569306,182039,751345,Tommy's Honour
tt3469046,264624300,770175109,1034799409,Despicable Me 3
tt3469244,489984,13186606,13676590,Phantom
tt3470600,270395425,363756254,634151679,Sing
tt3471098,3351735,2532156,5883891,Maggie's Plan
tt3477172,42173,0,42173,Restored Me
tt3478962,54114,7949217,8003331,My King
tt3480886,47258,1090163,1137421,Ma ma
tt3480942,20136,0,20136,Friends and Romans
tt3481000,212662,0,212662,Chocolate City
tt3483194,5662,783,6445,Tu Dors Nicole
tt3483612,235361,263413,498774,Hamari Adhuri Kahani
tt3483712,131105,125873,256978,Raja Natwarlal
tt3485166,415775,32100000,32515775,Pirates
tt3485800,71451,0,71451,The Congressman
tt3486542,22076,24316,46392,Mediterranea
tt3486626,28370522,36775498,65146020,The Nut Job 2: Nutty by Nature
tt3488184,28180,0,28180,7 Chinese Brothers
tt3488668,18020,115885,133905,The Great Museum
tt3488710,10137502,51044440,61181942,The Walk
tt3495026,2300000,25940000,28240000,Fan
tt3498820,408084349,745211944,1153296293,Captain America: Civil War
tt3498950,68598,0,68598,Take Me to the River
tt3499048,60114,26622,86736,Gï¿½ï¿½
tt3499096,19206207,5864054,25070261,Race
tt3501416,1904682,94215091,96119773,Assassination
tt3501632,315058289,538918837,853977126,Thor: Ragnarok
tt3502802,29904,0,29904,Evidence of a Haunting
tt3504226,4100,876,4976,Weekend of a Champion
tt3504542,11546,96095,107641,The Kidnapping of Michel Houellebecq
tt3504604,6843,34360,41203,Steve McQueen: The Man & Le Mans
tt3505712,166775,147307,314082,Time Out of Mind
tt3505950,428318,65414057,65842375,Beijing Love Story
tt3507138,713,0,713,A Girl Like Grace
tt3508830,21327,13955,35282,Der Anstï¿½ï¿½ï
tt3508840,632542,11359127,11991669,The Assassin
tt3511124,17844,0,17844,The Last Shaman
tt3511542,172343,20243591,20415934,That Demon Within
tt3513498,105806508,85500000,191306508,The Lego Movie 2: The Second Part
tt3513548,22345542,14200000,36545542,Richard Jewell
tt3514532,5210,0,5210,In Searching
tt3517936,2171849,0,2171849,The Oscar Nominated Short Films 2014: Live Action
tt3518012,892802,0,892802,Best of Enemies: Buckley vs. Vidal
tt3521126,21120616,8700000,29820616,The Disaster Artist
tt3521134,109089,48768,157857,The Look of Silence
tt3521164,248757044,394574067,643331111,Moana
tt3522806,21218403,104511232,125729635,Mechanic: Resurrection
tt3526706,25696,51894,77590,Chevalier
tt3529612,44840,0,44840,River of Fundament
tt3530002,43047372,9348624,52395996,The Night Before
tt3531176,212471,0,212471,Big Sonia
tt3531604,5906,0,5906,Gang of Ghosts
tt3531824,38583626,46667799,85251425,Nerve
tt3532216,51342000,83524593,134866593,American Made
tt3532608,2827393,0,2827393,The Fluffy Movie: Unity Through Laughter
tt3534282,31309,0,31309,Don Verdean
tt3538328,8277,0,8277,We Are Twisted Fucking Sister!
tt3539664,1028953,740879,1769832,Dior and I
tt3539966,11288,0,11288,Dishkiyaoon
tt3541262,2589811,109567000,112156811,The Admiral
tt3544082,4247285,10182964,14430249,45 Years
tt3544112,3237118,10387404,13624522,Sing Street
tt3544326,10654,3180514,3191168,Empire of Lust
tt3547306,695812,538,696350,Cut Throat City
tt3549206,1176781,82807,1259588,The Music of Strangers: Yo-Yo Ma and the Silk Road Ensemble
tt3549508,164540,0,164540,Nas: Time Is Illmatic
tt3551954,71916,0,71916,Raiders!: The Story of the Greatest Fan Film Ever Made
tt3553442,23083334,1888805,24972139,Whiskey Tango Foxtrot
tt3553976,5879835,16907266,22787101,Captain Fantastic
tt3554418,710508,665115,1375623,Khoobsurat
tt3561348,7282,937526,944808,The Dinner
tt3564122,6112,0,6112,Arise from Darkness
tt3564472,115171585,25380774,140552359,Girls Trip
tt3564794,5083,0,5083,Welcome to Happiness
tt3566788,34793,112144,146937,Songs My Brothers Taught Me
tt3567200,11428,0,11428,The Great Invisible
tt3567288,65206105,33243957,98450062,The Visit
tt3568002,159305,0,159305,The Witness
tt3569230,1872994,41100000,42972994,Legend
tt3569326,3861,0,3861,Hollidaysburg
tt3569356,36026,0,36026,Not Cool
tt3576038,54275,0,54275,The Search for General Tso
tt3576084,116044,22565,138609,Zero Motivation
tt3576728,490973,85832,576805,Bilal: A New Breed of Hero
tt3577624,14044,1697431,1711475,A Perfect Day
tt3578504,101310,0,101310,Korengal
tt3584550,1100,0,1100,Half Brothers
tt3585004,165428,64160519,64325947,Zhongkui: Snow Girl and the Dark Crystal
tt3591696,7095,0,7095,The Dark Below
tt3592176,5587,289708,295295,Chic!
tt3595298,4364639,48192185,52556824,Prem Ratan Dhan Payo
tt3596382,33150,0,33150,Love & Taxes
tt3601350,157481,0,157481,Eva Hesse
tt3605418,36336,5530767,5567103,Knock Knock
tt3606752,152901115,231029541,383930656,Cars 3
tt3606756,608581744,634223615,1242805359,Incredibles 2
tt3606888,82703,8363559,8446262,A Street Cat Named Bob
tt3608848,49591,0,49591,NOW: In the Wings on a World Stage
tt3608930,61797,0,61797,In a Valley of Violence
tt3612126,21221803,28226151,49447954,The Grudge
tt3612616,3494070,9662786,13156856,Mommy
tt3613314,2032,16427,18459,The Ghoul
tt3614530,2184640,149044,2333684,Jem and the Holograms
tt3615204,23248,407320,430568,Harmony
tt3616916,177404,12797739,12975143,The Wave
tt3622120,7891,26126,34017,Kilo Two Bravo
tt3622592,32000304,53511996,85512300,Paper Towns
tt3623726,26822144,14503184,41325328,Ricki and the Flash
tt3625220,91462,0,91462,Legends from the Sky
tt3626442,127754,305932,433686,Bjï¿½ï¿½ï¿½ï¿½ï¿½ï¿½ï¿
tt3626804,41340,578177,619517,Nowitzki: The Perfect Shot
tt3628574,4282,0,4282,State Like Sleep
tt3628584,54030051,1000000,55030051,Barbershop: The Next Cut
tt3631112,75395035,97790824,173185859,The Girl on the Train
tt3638396,42166,194,42360,Closet Monster
tt3640424,40098064,79421959,119520023,Allied
tt3640682,58738,4635,63373,I Smile Back
tt3646344,4636,104045,108681,Sworn Virgin
tt3651326,50291,102511,152802,In the Shadow of Women
tt3652526,120933,1057444,1178377,Fire at Sea
tt3652862,91151,0,91151,Morris from America
tt3654964,235037,0,235037,Art and Craft
tt3655522,60765,1802225,1862990,Girlhood
tt3658366,396,19130,19526,Hannah: Buddhism's Untold Journey
tt3659388,228433663,401728227,630161890,The Martian
tt3660770,16432322,228755,16661077,Monkey Kingdom
tt3662168,1747,0,1747,The Other Man: F.W. de Klerk and the End of Apartheid
tt3663020,47627,0,47627,So B. It
tt3666024,921974,5669815,6591789,The Red Turtle
tt3667798,208959,106771304,106980263,The Breakup Guru
tt3672742,67069,0,67069,Turbo Kid
tt3672840,74068,121471635,121545703,Dragon Blade
tt3674140,1343349,4068840,5412189,The Salt of the Earth
tt3675486,3909,0,3909,Maidan
tt3675568,308156,0,308156,Merchants of Doubt
tt3675748,12756,0,12756,Yakuza Apocalypse
tt3678782,409166,0,409166,City of Revenge
tt3678938,380011,366777,746788,The Bride of Humpty Sharma
tt3679000,892133,284825,1176958,Any Body Can Dance 2
tt3679060,812737,519185,1331922,Kapow
tt3680410,34193,5508843,5543036,Last Cab to Darwin
tt3682448,72313754,93164594,165478348,Bridge of Spies
tt3685218,447353,49361,496714,Fï¿½ï¿½ï¿½ï¿½ï
tt3685624,1249233,6489237,7738470,3 idiotas
tt3687186,80734,3683,84417,Heaven Knows What
tt3689910,222670,155032,377702,Miss Hokusai
tt3691740,55483770,127804919,183288689,The BFG
tt3695244,2310625,0,2310625,WARx2
tt3696086,102931,25995,128926,The Golden Era
tt3696192,919095,19305756,20224851,Singh Is Bliing
tt3696764,47526,0,47526,350 Days - Legends. Champions. Survivors
tt3697566,63063,0,63063,No Tears for the Dead
tt3697626,19004,11854400,11873404,A Hard Day
tt3698118,18022,16173412,16191434,Gangnam Blues
tt3699354,313411,9713,323124,Citizen Jane: Battle for the City
tt3700804,21206,0,21206,Already Tomorrow in Hong Kong
tt3702652,3000342,11332125,14332467,The Other Side of the Door
tt3702704,5844,0,5844,Bourek
tt3703148,91302,73537,164839,Christmas Eve
tt3704050,1184564,3051395,4235959,Remember
tt3704416,119364,0,119364,Digging for Fire
tt3704538,2756,79653,82409,V/H/S Viral
tt3707106,538460,2796467,3334927,By the Sea
tt3707114,410465,1220224,1630689,Janis: Little Girl Blue
tt3709678,36190,247875,284065,The Kindergarten Teacher
tt3711708,27739,0,27739,30 Years of Garbage: The Garbage Pail Kids Story
tt3713166,32482090,30400000,62882090,Unfriended
tt3714720,1016985,121624,1138609,The Hollars
tt3715122,55804,954962,1010766,L'attesa
tt3715320,4030360,23360724,27391084,Irrational Man
tt3715598,80735,0,80735,Trace Amounts
tt3716142,20874,0,20874,Lekar Hum Deewana Dil
tt3716530,2341534,10407060,12748594,Elle
tt3717016,161820,72597,234417,After the Ball
tt3717068,22898,34518,57416,Court
tt3717252,30353973,50739340,81093313,Underworld: Blood Wars
tt3717316,19462,0,19462,Hunter Gatherer
tt3717490,85364450,56972790,142337240,Power Rangers
tt3717532,524451,2424734,2949185,The Last: Naruto the Movie
tt3719896,2246000,0,2246000,My All-American
tt3720794,253941,101030,354971,National Gallery
tt3721936,663246,1154829,1818075,American Honey
tt3721954,6170998,3562934,9733932,Maudie
tt3721964,4969853,6031774,11001627,Gringo
tt3722070,10021175,31366512,41387687,The Lady in the Van
tt3722118,113276,0,113276,God the Father
tt3722234,3679893,0,3679893,Gosnell: The Trial of America's Biggest Serial Killer
tt3723828,34754,0,34754,This Ain't No Mouse Music
tt3726012,43403,25180,68583,Mastizaade
tt3726626,9816,0,9816,Kabbalah Me
tt3726704,155575,68570,224145,Experimenter
tt3729920,587774,397233,985007,The Disappearance of Eleanor Rigby: Them
tt3730510,102890,0,102890,Puerto Ricans in Paris
tt3731562,168052812,398600000,566652812,Kong: Skull Island
tt3732950,2634,0,2634,Body
tt3735246,6557047,4793870,11350917,Bajirao Mastani
tt3735398,240214,0,240214,Carter High
tt3735554,401328,0,401328,Freetown
tt3740066,77976,126488,204464,Pop Aye
tt3740778,82913,5127247,5210160,Mountains May Depart
tt3741632,3226443,7245737,10472180,The Leisure Seeker
tt3741700,110500138,275400000,385900138,Godzilla: King of the Monsters
tt3741834,51738905,88574023,140312928,Lion
tt3741860,1539680,352238,1891918,Awake: The Life of Yogananda
tt3742284,303587,0,303587,NH10
tt3742378,376986,2626574,3003560,The Second Mother
tt3745058,4461,0,4461,Weightless
tt3748512,260430,126041,386471,Hitchcock/Truffaut
tt3748528,532177324,523879949,1056057273,Rogue One: A Star Wars Story
tt3750872,9601092,8604220,18205312,The Wife
tt3754940,210840,8816760,9027600,Truman
tt3756788,531996,15359178,15891174,Our Little Sister
tt3760922,59689605,29233646,88923251,My Big Fat Greek Wedding 2
tt3760966,20476,0,20476,Consumed
tt3766354,102084362,88315795,190400157,The Equalizer 2
tt3766394,28889998,428898,29318896,"Hello, My Name Is Doris"
tt3767372,1801807,650536,2452343,Piku
tt3770426,3289,0,3289,Burning Bodhi
tt3771626,7028,0,7028,The Brainwashing of My Dad
tt3774092,8700,0,8700,Amnesia
tt3774114,21587519,15691920,37279439,Snowden
tt3774466,4631,118288,122919,Ashby
tt3774694,249083,611974,861057,Love
tt3778010,11528,10147,21675,Dead Awake
tt3778644,213767512,179157295,392924807,Solo: A Star Wars Story
tt3780500,161796,809013,970809,Journey's End
tt3780754,9522,0,9522,The Lost Arcade
tt3781476,32766,385252051,385284817,Monster Hunt
tt3781762,111682,0,111682,1915
tt3783958,151101803,294990554,446092357,La La Land
tt3787590,3591417,7530673,11122090,We Are Your Friends
tt3789946,120,0,120,"Mummy, I'm A Zombie"
tt3790720,498428,229163,727591,Peggy Guggenheim: Art Addict
tt3791268,7960,0,7960,Roseanne for President!
tt3791302,26144,4296976,4323120,Standing Tall
tt3792960,127910,15581742,15709652,The Brand New Testament
tt3794028,47748,6477051,6524799,From the Land of the Moon
tt3794204,33531,792792,826323,K: Missing Kings
tt3794354,146066470,160700000,306766470,Sonic the Hedgehog
tt3797076,40578,35882,76460,The New Rijksmuseum - The Film
tt3797868,18730891,4333124,23064015,The Choice
tt3799694,36261763,26526455,62788218,The Nice Guys
tt3801934,34866,24782986,24817852,Wild City
tt3802576,613775,17244164,17857939,Brothers
tt3808342,1777043,4882078,6659121,Son of Saul
tt3809478,135382,0,135382,The Kind Words
tt3810760,261865,0,261865,Minimalism: A Documentary About the Important Things
tt3812366,2300121,96785170,99085291,Ode to My Father
tt3813310,134552,9106,143658,Cop Car
tt3819668,8008363,53759827,61768190,"Dragon Ball Z: Resurrection ""F"""
tt3824412,104507,0,104507,Results
tt3824458,702354,112514,814868,Tangerine
tt3825638,794452,3780304,4574756,Labyrinth of Lies
tt3827684,3755,0,3755,The Hollow
tt3828848,25859,0,25859,Women Like Us
tt3829266,51024708,109517426,160542134,The Predator
tt3829920,18343983,7410792,25754775,Only The Brave
tt3830162,122902,991761,1114663,A War
tt3831344,10233,0,10233,Amelia 2.0
tt3832914,67790117,5466149,73256266,War Room
tt3835080,779820,70599,850419,31
tt3835612,34366,0,34366,Holy Hell
tt3836958,324597,7224,331821,Shamitabh
tt3837248,115840,21176169,21292009,Love Live! The School Idol Movie
tt3841424,435266,2734287,3169553,Land of Mine
tt3843282,46796,8205,55001,Twenty Two
tt3844362,1110522,0,1110522,The Overnight
tt3846324,9406,0,9406,"One Cut, One Life"
tt3846402,12240,0,12240,Wa-shoku Dream: Beyond Sushi
tt3848938,44995,5016392,5061387,Mr. X
tt3850214,17506470,480311,17986781,Dope
tt3850496,9033,365671,374704,Chronic
tt3850544,2394386,255375,2649761,Hillsong: Let Hope Rise
tt3850590,42725475,18823232,61548707,Krampus
tt3853830,62398,0,62398,The Tiger Hunter
tt3856408,53144,10854,63998,Making Waves: The Art of Cinematic Sound
tt3856504,8212,2059608,2067820,A Fool
tt3859076,2541854,2841243,5383097,Truth
tt3859272,61899,60312,122211,Tragedy Girls
tt3859304,615816,0,615816,The Bronze
tt3859310,84809,300924,385733,How To Talk To Girls at Parties
tt3859980,1264339,365892,1630231,Mohenjo Daro
tt3861390,114766307,238518314,353284621,Dumbo
tt3862750,57027435,3245738,60273173,The Perfect Guy
tt3863552,8178001,67369183,75547184,Bajrangi Bhaijaan
tt3863632,220948,0,220948,Little Pink House
tt3864024,1186426,220112,1406538,Lazer Team
tt3864056,5332621,4600000,9932621,The Goldfinch
tt3866526,8325,0,8325,Natasha
tt3868452,45254,0,45254,There's No Place Like Utopia
tt3874544,175003033,352962903,527965936,The Boss Baby
tt3877296,1348456,0,1348456,The Cokeville Miracle
tt3877674,30207,4591767,4621974,Men & Chicken
tt3878978,22267,0,22267,Reparation
tt3881784,4211129,4273289,8484418,Stronger
tt3882000,63802,239985,303787,Microbe & Gasoline
tt3882074,3169351,1230789,4400140,The Eagle Huntress
tt3882082,35819556,28368811,64188367,The Boy
tt3884528,74709,0,74709,Batkid Begins: The Wish Heard Around the World
tt3886508,24620,243,24863,Naples '44
tt3890160,107825862,119119225,226945087,Baby Driver
tt3890264,777896,188239700,189017596,Breakup Buddies
tt3891218,78288,0,78288,Colliding Dreams
tt3892172,6046104,1636824,7682928,Leave No Trace
tt3892434,3500,1222899,1226399,That Sugar Film
tt3893664,31031,0,31031,Poor Boy
tt3894190,101088,1177272,1278360,Black Souls
tt3896100,6690,24597641,24604331,Capture the Flag
tt3896102,5874,34151086,34156960,Tad the Lost Explorer and the Secret of King Midas
tt3896198,389813101,473942950,863756051,Guardians of the Galaxy Vol. 2
tt3900206,61568,77853,139421,Flowers
tt3901826,313215,2476999,2790214,The Breadwinner
tt3903852,1991,174786,176777,Vigilante Diaries
tt3904754,5212,0,5212,The Princess of France
tt3906082,108900,1987700,2096600,Mary Shelley
tt3906444,430760,37608488,38039248,But Always
tt3906724,2923,0,2923,Kepler's Dream
tt3907156,6508,0,6508,Horse Money
tt3907314,3340,545,3885,The Iron Ministry
tt3908142,228894,17324,246218,The Love Witch
tt3908598,14547,16297,30844,Lamb
tt3909336,60298,4951262,5011560,Worlds Apart
tt3911554,6823,0,6823,Mad Tiger
tt3912040,36676,0,36676,Sister Code
tt3913194,69787,0,69787,Turn It Around: The Story of East Bay Punk
tt3913244,6208,261787,267995,The Carer
tt3914332,254536,0,254536,Dean
tt3917210,255388,87276,342664,"Life, Animated"
tt3920820,4376819,0,4376819,Brian Banks
tt3922816,26376,1479058,1505434,The Daughter
tt3922818,7885294,6908091,14793385,The Space Between Us
tt3946020,5680,0,5680,The Wanted 18
tt3946960,84147,0,84147,Chapter & Verse
tt3949660,82051601,163572247,245623848,Teenage Mutant Ninja Turtles: Out of the Shadows
tt3950078,228984,141425071,141654055,The Taking of Tiger Mountain
tt3954660,6643,150624,157267,Suntan
tt3955894,60289,3767,64056,Girl Asleep
tt3956336,3895,0,3895,American Dresser
tt3958072,9045,56097,65142,The Lesson
tt3958780,1605463,66843,1672306,Equity
tt3960412,9639125,40904,9680029,Popstar: Never Stop Never Stopping
tt3962210,316100,0,316100,David and Goliath
tt3962828,3643,182393,186036,In the Basement
tt3962848,36010,370,36380,Welcome to Leith
tt3966404,845464,4429200,5274664,Mustang
tt3966942,7578,7760,15338,The President
tt3969208,36885,0,36885,Trust Fund
tt3976144,12544,62156,74700,The Monster
tt3986820,272020,684405,956425,The Endless
tt3990782,27836,0,27836,Radio Dreams
tt3993894,91218,3965,95183,Queen of Earth
tt3997238,119388,3207,122595,Do I Sound Gay?
tt4000670,62279,0,62279,Mifune: The Last Samurai
tt4000956,14218,0,14218,Brother Nature
tt4002772,732655,0,732655,Once I Was a Beehive
tt4003440,258106,5307759,5565865,The House That Jack Built
tt4003774,6047363,0,6047363,Meet the Mormons
tt4005402,15709,3605337,3621046,Colonia
tt4007558,521794,7762198,8283992,Shaandaar
tt4008606,120745,0,120745,Hockney
tt4008652,7205,0,7205,I Am Ali
tt4009460,2783970,0,2783970,Saving Christmas
tt4010862,21106,0,21106,Massacre on Aisle 12
tt4016934,2006788,35686098,37692886,The Handmaiden
tt4026570,29834,12079,41913,In Pursuit of Silence
tt4030600,22395806,4271391,26667197,The Bye Bye Man
tt4031126,9110,0,9110,Lycan
tt4032450,889,375633,376522,Le talent de mes amis
tt4034228,47695371,31292777,78988148,Manchester by the Sea
tt4034354,4210454,725047,4935501,Swiss Army Man
tt4034452,1430,86338,87768,Hyena Road
tt4035268,25856,8537,34393,Cosmos
tt4036488,47965,0,47965,Saving Banksy
tt4039842,20052,0,20052,Apocalypsis
tt4042818,152713,3173651,3326364,The Death and Life of John F. Donovan
tt4044364,2800870,202299,3003169,Citizenfour
tt4046784,81697192,230598864,312296056,Maze Runner: The Scorch Trials
tt4047350,3470,0,3470,The Hacker Wars
tt4048050,269144,1240629,1509773,My Golden Days
tt4048168,18137,0,18137,Coming Through the Rye
tt4048272,1479387,10304820,11784207,Toni Erdmann
tt4048668,20555,0,20555,Band of Robbers
tt4052882,55124043,63976715,119100758,The Shallows
tt4054952,193833,17229102,17422935,Fate/Stay Night: Heaven's Feel - I. Presage Flower
tt4056738,12985600,1409043,14394643,Do You Believe?
tt4058122,21031,0,21031,A Beginner's Guide to Snuff
tt4058750,4696,0,4696,Marinoni: The Fire in the Frame
tt4059702,316554,0,316554,AmeriGeddon
tt4061010,27079,399412,426491,Blackway
tt4061196,141197,136470,277667,Until Forever
tt4061944,73236,0,73236,Te Ata
tt4062536,3220371,548843,3769214,Green Room
tt4063314,86446,0,86446,"My Love, Don't Cross That River"
tt4064912,333388,0,333388,Shine
tt4066836,2537,0,2537,Miles
tt4068576,400209,415450,815659,The Nightingale
tt4073790,12695691,28446688,41142379,The Darkest Minds
tt4074502,61845,0,61845,Dark Star: H.R. Giger's World
tt4074958,482341,45255370,45737711,Somewhere Only We Know
tt4079142,26632,0,26632,Peace Officer
tt4079902,9263,0,9263,Hooligan Sparrow
tt4080728,3479315,27212381,30691696,A Man Called Ove
tt4080768,35322,3683709,3719031,Summertime
tt4080956,14453,944430,958883,A Prayer Before Dawn
tt4082068,261819,5300756,5562575,Dheepan
tt4082346,14393,0,14393,The Uncondemned
tt4082524,9283,253,9536,Chosen
tt4085084,51879,409118,460997,Disorder
tt4085944,24134,7639664,7663798,Lolo
tt4092774,66175,0,66175,King Georges
tt4094598,976,0,976,The Penguin Counters
tt4094724,79213375,39374505,118587880,The Purge: Election Year
tt4096620,29462,9109,38571,Troublemakers: The Story of Land Art
tt4103404,10172,652,10824,The Forecaster
tt4103724,16376066,0,16376066,Forever My Girl
tt4104022,67046,110292,177338,People Places Things
tt4104354,114959,0,114959,Caged No More
tt4109204,5839,0,5839,Shout Gladi Gladi
tt4109438,24139,0,24139,Heart of Africa
tt4110568,3066100,1095530,4161630,Dil Dhadakne Do
tt4116284,175750384,136200000,311950384,The Lego Batman Movie
tt4120176,388140,5250553,5638693,Things to Come
tt4120210,28648,1235629,1264277,Valley of Love
tt4123430,159555901,494200000,653755901,Fantastic Beasts: The Crimes of Grindelwald
tt4126304,704352,421721,1126073,Cartel Land
tt4126312,30407,8856,39263,3ï¿½ï¿½ï¿½ï¿½ï¿½ï¿½ï¿½ï¿
tt4126438,12488,109339,121827,The Ones Below
tt4126476,12138565,57359022,69497587,After
tt4129428,861740,293122,1154862,Jagga Jasoos
tt4129870,200242,0,200242,White Girl
tt4131800,21885107,38445726,60330833,My Little Pony: The Movie
tt4134826,285169,0,285169,But Deliver Us from Evil
tt4135844,295157,299679,594836,Ixcanul
tt4136056,48869,0,48869,The Seven Five
tt4136084,27383770,21519183,48902953,Florence Foster Jenkins
tt4137324,16400,0,16400,Magician: The Astonishing Life and Work of Orson Welles
tt4137902,1030851,3346,1034197,Dark Horse
tt4138020,3482,0,3482,"Love, Sweat and Tears"
tt4139124,20591853,59480,20651333,Keanu
tt4143508,351957,0,351957,Long Strange Trip - The Untold Story of The Grateful Dead
tt4144190,477453,257276,734729,Wiener-Dog
tt4145178,425831,90506,516337,Listen to Me Marlon
tt4145304,23986,12416,36402,Unexpected
tt4151320,174251,0,174251,Always at The Carlyle
tt4154664,426829839,701444955,1128274794,Captain Marvel
tt4154728,3423,0,3423,Speed Sisters
tt4154756,678815482,1369544272,2048359754,Avengers: Infinity War
tt4154796,858373000,1939427564,2797800564,Avengers: Endgame
tt4154858,1521787,1330495,2852282,Inhumans
tt4154916,4046429,5160496,9206925,Replicas
tt4157220,1310678,310030,1620708,Iris
tt4158096,1799312,1920071,3719383,Free Fire
tt4158624,155936,375110,531046,3 Generations
tt4158876,91441,0,91441,Other People
tt4159182,2167,337294,339461,The Lady in the Car with Glasses and a Gun
tt4159698,23986,0,23986,The Fiancï¿
tt4160708,89217875,67882970,157100845,Don't Breathe
tt4161074,60197,0,60197,Presenting Princess Shaw
tt4168022,257343,47642462,47899805,"Yo-kai Watch Movie: It's the Secret of Birth, Meow!"
tt4169250,1801550,25954267,27755817,M.S. Dhoni: The Untold Story
tt4170344,128986,0,128986,I Called Him Morgan
tt4171876,34327,22785375,22819702,Sweet Sixteen
tt4172430,52853219,16558151,69411370,13 Hours
tt4177856,24262,1117925,1142187,Elliot the Littlest Reindeer
tt4178092,43787265,15191388,58978653,The Gift
tt4180286,168738,0,168738,Valley of Bones
tt4183692,14394097,7520,14401617,Woodlawn
tt4185572,405917,0,405917,The Hunting Ground
tt4190530,2964845,2114374,5079219,Anthropoid
tt4191054,12429583,1173870,13603453,Strange Magic
tt4191580,9097072,0,9097072,Meet the Blacks
tt4191702,3814868,2402699,6217567,Norman
tt4193072,70479,0,70479,How to Build a Girl
tt4193394,3401155,523372,3924527,Indignation
tt4193400,288483,2795490,3083973,The People Vs. Fritz Bauer
tt4195920,78,0,78,Paranoid Girls
tt4196450,15861566,917646,16779212,The Birth of a Nation
tt4196776,162434410,253050504,415484914,Jason Bourne
tt4196832,39928,0,39928,Is That a Gun in Your Pocket?
tt4196848,685780,0,685780,Mr. Church
tt4199898,1115008,14796699,15911707,Playmobil: The Movie
tt4207112,101382,76708,178090,Score: A Film Music Documentary
tt4209788,28780744,30503271,59284015,Molly's Game
tt4217392,362657,253849588,254212245,Kung Fu Yoga
tt4218572,42402632,33582068,75984700,Widows
tt4218696,1803064,2673641,4476705,The Wall
tt4219130,138366,0,138366,Psycho-Pass: The Movie
tt4219836,5858,0,5858,Top Spin
tt4227032,4950,0,4950,SBK The-Movie
tt4228294,73725,1228768,1302493,Les Cowboys
tt4228810,1623,1064870,1066493,Au nom de ma fille
tt4228816,3144,3239301,3242445,En ï¿½ï¿½ï¿½ï
tt4230010,17506,0,17506,Streit's: Matzo and the American Dream
tt4230700,191761,25712,217473,Complete Unknown
tt4238858,166425,2811,169236,The Fits
tt4239548,502294,0,502294,Deli Man
tt4239726,46654,55571,102225,Tanna
tt4242100,4252,0,4252,My Father Die
tt4242158,1302281,254981631,256283912,Lost in Hong Kong
tt4242844,271734,45114826,45386560,Wei ai zhi jian ru jia jing
tt4244162,10104,0,10104,Beta Test
tt4244998,35857181,62346015,98203196,Alpha
tt4246856,18062,50515,68577,Wildflower
tt4253360,696717,49843280,50539997,The Himalayas
tt4254584,150191,0,150191,Kicks
tt4255304,151042,217330,368372,The Void
tt4257926,61705123,12178236,73883359,Miracles from Heaven
tt4258698,6304223,207781,6512004,Southside with You
tt4262980,1918403,76029204,77947607,Shin Godzilla
tt4263482,25138705,15285240,40423945,The Witch
tt4266638,144822,0,144822,Krisha
tt4266910,19600,0,19600,Art Bastard
tt4270516,6980524,106928,7087452,Grandma
tt4272866,490643,49223735,49714378,The Boy and the Beast
tt4273292,31900,101424,133324,Under the Shadow
tt4273326,2852,0,2852,The Professor: Tai Chi's Journey West
tt4273562,1015339,6429847,7445186,Yu-Gi-Oh!: The Dark Side of Dimensions
tt4273630,1102525,0,1102525,The Insanity of God
tt4273886,108083,14193786,14301869,The Beauty Inside
tt4275958,93224,5184,98408,Reign of Judges: Title of Liberty - Concept Short
tt4276112,4212,0,4212,Breaking a Monster
tt4276752,1243810,258124638,259368448,Mojin - The Lost Legend
tt4276820,12786053,11335192,24121245,The Founder
tt4283358,150092,11275008,11425100,Seasons
tt4283892,406284,0,406284,Chasing Trane: The John Coltrane Documentary
tt4284020,569280,93674911,94244191,Cong cong na nian
tt4285496,1329249,1887927,3217176,Embrace of the Serpent
tt4287320,20497844,20158555,40656399,The Circle
tt4288636,101368,0,101368,James White
tt4291590,24770,31215,55985,Evolution
tt4291600,1129408,4272039,5401447,Lady Macbeth
tt4294052,305934,14880476,15186410,Attack on Titan II: End of the World
tt4296800,3063505,440909,3504414,Ladrones
tt4298958,124800,4595210,4720010,Sweet Bean
tt4302938,48023088,21906457,69929545,Kubo and the Two Strings
tt4305148,10626,0,10626,Lovesong
tt4307880,190581,0,190581,Digimon Adventure tri: Reunion
tt4315956,32211,13576426,13608637,Oneului yeonae
tt4316236,516893,67216,584109,The Black Panthers: Vanguard of the Revolution
tt4322510,14807,0,14807,Vince Giordano: There's a Future in the Past
tt4323370,8982,0,8982,Survivors Guide To Prison
tt4323568,4701,0,4701,Shot
tt4326444,1490948,20977096,22468044,Julieta
tt4329394,68485,0,68485,Alive and Kicking
tt4331970,52713,1992506,2045219,Being 17
tt4333662,7516,7937,15453,They Will Have to Kill Us First: Malian Music In Exile
tt4334266,180851,21039,201890,The Bad Batch
tt4334482,178008,245968,423976,Viva
tt4337072,101203,1231108,1332311,Ghost in the Shell: The New Movie
tt4337690,4842699,0,4842699,90 Minutes in Heaven
tt4341582,8874389,1492772,10367161,Queen of Katwe
tt4344782,28059,0,28059,Sembene!
tt4344878,234573,59161738,59396311,Miss Granny
tt4351548,59329,0,59329,Bomb City
tt4353250,4515719,91298,4607017,The Last Black Man in San Francisco
tt4353996,113231,9904085,10017316,The King's Choice
tt4357170,3629842,16785,3646627,A la mala
tt4359416,321642,3584585,3906227,Taxi
tt4361050,35144505,46561241,81705746,Ouija: Origin of Evil
tt4364194,20457151,981228,21438379,The Peanut Butter Falcon
tt4365518,86800,327898,414698,Sand Storm
tt4370784,1065665,6334659,7400324,The Innocents
tt4371680,5510,0,5510,Icaros: A Vision
tt4372240,37664,9174,46838,78/52: Hitchcock's Shower Scene
tt4372390,1788,0,1788,Detour
tt4372736,90878,0,90878,Because of Grï¿½ï¿
tt4374460,108110,242000,350110,Aferim!
tt4374502,3000,0,3000,The Ghosts of Johnson Woods
tt4375438,52761,488754,541515,The Club
tt4377864,42166,77587,119753,The Pearl Button
tt4378628,58979,327877,386856,"Westwood: Punk, Icon, Activist"
tt4379728,119550,15001678,15121228,Three
tt4381236,45878,21549,67427,The Greasy Strangler
tt4382330,16783,0,16783,Swim Team
tt4382618,9000,0,9000,Station to Station
tt4382872,16775,693861,710636,Extraction
tt4383288,165203,831222,996425,"Polina, danser sa vie"
tt4383594,19700032,38114413,57814445,Nine Lives
tt4384500,4488,0,4488,I'm Leaving Now
tt4385026,8840,0,8840,Providence
tt4385888,5664764,1550042,7214806,20th Century Women
tt4392726,63675,8226846,8290521,Design for Living
tt4392770,17102,0,17102,Always Shine
tt4393036,3982,0,3982,Emily
tt4397346,28072,0,28072,Bikes vs Cars
tt4399594,528799,2925910,3454709,Obsession
tt4399952,7362,909365,916727,The Lodgers
tt4400174,30989,19732,50721,As I Open My Eyes
tt4400994,7856,0,7856,The Ballad of Lefty Brown
tt4410000,169710,12458019,12627729,Luis and the Aliens
tt4411504,201227,20180768,20381995,The Clan
tt4411596,2716368,6483800,9200168,My Cousin Rachel
tt4412218,310978,68471497,68782475,Running Man
tt4413794,2491,0,2491,Homeland
tt4414438,7162,0,7162,It Had to Be You
tt4414694,11843,3783,15626,Dreams Rewired
tt4415016,136125,22135737,22271862,Twenty
tt4417402,124573,0,124573,'85: The Greatest Team in Football History
tt4420704,2835047,2202876,5037923,Kedi
tt4422656,15909,0,15909,Can You Dig This
tt4424722,31100,0,31100,7 Witches
tt4425064,494506,0,494506,Steve Jobs: The Man in the Machine
tt4425148,16557,0,16557,Life in a Walk
tt4425200,92029184,79510703,171539887,John Wick: Chapter 2
tt4425258,33620,0,33620,"My Country, My Country"
tt4426464,5801249,3157877,8959126,Arctic Dogs
tt4426656,12810,105853,118663,Neither Heaven Nor Earth
tt4428762,675,53105,53780,Down by Love
tt4428788,506677,8247679,8754356,Marguerite
tt4428814,112391,6406540,6518931,The Measure of a Man
tt4429194,5617731,7585810,13203541,Paris Can Wait
tt4430136,222856,12760865,12983721,Pyaar Ka Punchnama 2
tt4430992,164167,11585868,11750035,C'est Si Bon
tt4432006,11700,134625,146325,Hannah
tt4437216,23020,0,23020,Goat
tt4438844,7251,0,7251,Indian Point
tt4438848,55455765,52551344,108007109,Neighbors 2: Sorority Rising
tt4439102,850,0,850,Officer Downe
tt4440036,188817,34741360,34930177,Lost and Love
tt4442604,61406,0,61406,Donald Cried
tt4443658,20369,155919,176288,Better Watch Out
tt4444798,18490,0,18490,Desolation
tt4446472,15126,75723,90849,Porto
tt4447108,1469,22614,24083,Level Up
tt4449576,62510,11215395,11277905,Tomorrow
tt4451458,153440,401266,554706,Endless Poetry
tt4456038,2412593,0,2412593,The Oscar Nominated Short Films 2015: Live Action
tt4456270,10042,0,10042,The Sunshine Makers
tt4457020,650465,1889679,2540144,El Jeremï¿½ï
tt4457344,34117,0,34117,Dave Made a Maze
tt4462082,8374,0,8374,Counting
tt4463894,21360215,0,21360215,Shaft
tt4465564,114581250,266964596,381545846,Fifty Shades Darker
tt4465572,236637,8779,245416,American Woman
tt4466544,50105,162123,212228,Fatima
tt4466550,14475,0,14475,Antarctica: Ice and Sky
tt4467202,88675,45476859,45565534,Hero
tt4467262,364932,3714203,4079135,Katti Batti
tt4468634,1087585,439113,1526698,Certain Women
tt4468740,40891591,186440347,227331938,Paddington 2
tt4476736,214578,0,214578,Hamlet
tt4477536,100407760,271577258,371985018,Fifty Shades Freed
tt4481066,181507,0,181507,Giant Little Ones
tt4481414,24801212,18245378,43046590,Gifted
tt4481514,25584504,8600000,34184504,The House
tt4482858,13671,0,13671,Tikkun
tt4483460,14869,8995,23864,Argentina
tt4485246,44213,0,44213,Danny Says
tt4486986,217644,460506,678150,All I See Is You
tt4488744,13509,64566,78075,Un traductor
tt4489180,22189,0,22189,Winning Formula
tt4494094,19033,0,19033,Search Engines
tt4494382,447719,7983475,8431194,Condorito: The Movie
tt4494718,461972,1215863,1677835,Final Portrait
tt4499186,7914,0,7914,Portrait of a Garden
tt4500922,58032443,230142892,288175335,Maze Runner: The Death Cure
tt4501244,60323786,57778939,118102725,Why Him?
tt4501454,4267218,1027425,5294643,The Meddler
tt4504040,131995,0,131995,A Ballerina's Tale
tt4504044,14856291,6293974,21150265,The Prodigy
tt4504626,4189,0,4189,Among the Believers
tt4505170,185367,27202503,27387870,Detective K: Secret of the Lost Island
tt4506722,12267,0,12267,The Armor of Light
tt4511200,161101,255288,416389,Manifesto
tt4513316,580346,0,580346,Novitiate
tt4513674,11103205,32660042,43763247,Cafï¿½ï¿½ï¿½ï
tt4514646,97727,0,97727,"Tim Timmerman, Hope of America"
tt4515684,50203,32189,82392,The Treasure
tt4515762,7285,0,7285,Another WolfCop
tt4520364,3915251,4894156,8809407,Morgan
tt4520988,477373578,972653355,1450026933,Frozen II
tt4524678,3495,0,3495,The Citizen
tt4526922,51035,0,51035,The Unknowns
tt4530422,21704844,19953000,41657844,Overlord
tt4532038,9844226,4227578,14071804,The War with Grandpa
tt4532818,34630,0,34630,Sophie and the Rising Sun
tt4532826,30824628,55057752,85882380,Robin Hood
tt4535650,4871263,27123060,31994323,Dilwale
tt4537896,24011188,1946294,25957482,White Boy Rick
tt4538916,1418682,14426911,15845593,Finding Your Feet
tt4540710,3500605,5600941,9101546,Miss Sloane
tt4550098,10663357,19648500,30311857,Nocturnal Animals
tt4551318,39622,906369,945991,Paradise
tt4552524,11287,95737,107024,Jeruzalem
tt4555426,56468410,94378797,150847207,Darkest Hour
tt4558042,12173,0,12173,Elstree 1976
tt4558376,8287061,612134,8899195,Downhill
tt4559006,4264983,24095607,28360590,Ae Dil Hai Mushkil
tt4559046,1326999,617263,1944262,Housefull 3
tt4560436,36108758,30200000,66308758,Mile 22
tt4566780,38034,0,38034,Gray Matter
tt4568106,19337,0,19337,Gabo: The Creation of Gabriel Garcia Marquez
tt4569240,24852,2013,26865,A Monster with a Thousand Heads
tt4572514,31886361,18663548,50549909,Patriots Day
tt4572792,4504974,91731,4596705,The Book of Henry
tt4572820,80141,0,80141,For the Love of Spock
tt4572856,462918,45509806,45972724,Let's Get Married
tt4573516,3986245,3460,3989705,Sleight
tt4575576,99215042,98529335,197744377,Christopher Robin
tt4580044,2784,0,2784,Nana
tt4581734,27959,0,27959,Ribbons
tt4585660,5700,7579869,7585569,Klovn Forever
tt4587656,40852824,21960150,62812974,The Star
tt4590092,4661,0,4661,I Love You Both
tt4591310,709982,192967176,193677158,Xi you ji zhi: Sun Wukong san da Baigu Jing
tt4594834,2653032,66667,2719699,Chi-Raq
tt4595882,8803865,3638296,12442161,Can You Ever Forgive Me?
tt4601102,9956,0,9956,Made in France
tt4602066,725223,228730,953953,The Catcher Was a Spy
tt4604496,18006,0,18006,Men Go to Battle
tt4610244,8074,94,8168,The Other Side
tt4610372,21130,47492,68622,Noma My Perfect Storm
tt4613272,32164,903072,935236,Kaili Blues
tt4614612,151971,1846974,1998945,Peterloo
tt4618398,919651,37442797,38362448,Boruto: Naruto the Movie
tt4619940,105057,15355437,15460494,Chronicles of Evil
tt4621016,138148,75866,214014,Ingrid Bergman: In Her Own Words
tt4621872,107362,8921788,9029150,Like Crazy
tt4622512,12638526,5960081,18598607,Battle of the Sexes
tt4623812,386540,17958832,18345372,The Wasted Times
tt4624424,72679278,110709675,183388953,Storks
tt4625840,13463,0,13463,Spices of Liberty
tt4629266,13873211,11207957,25081168,Born in China
tt4630158,13739,0,13739,A Space Program
tt4630444,30400,2564,32964,Being Charlie
tt4630550,150549,2282091,2432640,The Unknown Girl
tt4630562,226008385,1009996733,1236005118,The Fate of the Furious
tt4631048,5010,0,5010,The Texture of Falling
tt4632316,583664,0,583664,Gleason
tt4633036,151751,0,151751,Generation Found
tt4633340,8302,0,8302,Mr. Chibbs
tt4633662,6332,0,6332,The Charnel House
tt4633694,190241310,185299521,375540831,Spider-Man: Into the Spider-Verse
tt4637878,23562,0,23562,"A Woman, a Part"
tt4643580,9080818,16811743,25892561,Huevos: Little Rooster's Egg-cellent Adventure
tt4645330,4073489,3921038,7994527,Denial
tt4648786,43082155,200000,43282155,Harriet
tt4649416,42158780,422140,42580920,Almost Christmas
tt4649466,100234838,310667824,410902662,Kingsman: The Golden Circle
tt4651520,113257297,70678777,183936074,Bad Moms
tt4652650,9868,396864,406732,Please Stand By
tt4653272,123445,578130,701575,Buena Vista Social Club: Adios
tt4660172,16544,0,16544,Brave New Jersey
tt4660736,2578,58174,60752,Apprentice
tt4663548,5802208,140357,5942565,All Saints
tt4666726,298525,14940,313465,Christine
tt4667094,11686940,10540574,22227514,Fifty Shades of Black
tt4668808,40119,14484,54603,What Our Fathers Did: A Nazi Legacy
tt4669186,23591043,0,23591043,Kevin Hart: What Now?
tt4669204,26747,0,26747,Tap World
tt4669264,5019226,2490210,7509436,Beirut
tt4669788,24704837,14051063,38755900,On the Basis of Sex
tt4669974,19873,0,19873,Foster Boy
tt4669986,7751969,5205296,12957265,Loving
tt4673790,23884,1207,25091,Vazante
tt4677924,42603,1079,43682,Woodshock
tt4680182,3029287,1502033,4531320,Colossal
tt4680196,3262,543322,546584,Planetarium
tt4682136,1252960,567501,1820461,The Seagull
tt4682266,23174447,21242051,44416498,The New Mutants
tt4682708,8438,0,8438,We Are the Flesh
tt4682786,31016021,57512259,88528280,Collateral Beauty
tt4682788,22017,17513945,17535962,Loving Pablo
tt4682804,319976,5974,325950,Lucy in the Sky
tt4683668,78301,0,78301,Harold and Lillian: A Hollywood Love Story
tt4685270,11548,0,11548,The Ruins of Lifta
tt4686844,8047856,16598199,24646055,The Death of Stalin
tt4687276,621738,0,621738,Range 15
tt4687782,30247,0,30247,No Greater Love
tt4687848,218044,101987131,102205175,Railroad Tigers
tt4692234,6398,8847,15245,Arabian Nights: Volume 2 - The Desolate One
tt4692242,4502,2179,6681,Arabian Nights: Volume 3 - The Enchanted One
tt4693418,4351,65072,69423,Back to the Jurassic
tt4694440,26677,1329356,1356033,Papa
tt4695012,13985117,5295814,19280931,It Comes At Night
tt4695462,22480,7835703,7858183,Salut d'Amour
tt4696222,337907,39696770,40034677,Northern Limit Line
tt4698584,939101,2945645,3884746,Neruda
tt4698684,5205468,17662521,22867989,Hunt for the Wilderpeople
tt4699130,744046,0,744046,Saturday's Warrior
tt4700756,890303,0,890303,Believe
tt4701182,127195589,340794056,467989645,Bumblebee
tt4701660,3232685,550577543,553810228,Mei ren yu
tt4701702,1415450,137775895,139191345,Mr. Six
tt4701724,8267544,46355270,54622814,Early Man
tt4712076,4667,0,4667,The Long Dumb Road
tt4714782,1305195,1535213,2840408,Personal Shopper
tt4714896,5975,0,5975,On Wings of Eagles
tt4717402,229423,232301,461724,MFKZ
tt4721124,708973,125599,834572,The Exception
tt4721400,30169,118461,148630,From Afar
tt4726636,112621,4621873,4734494,Slack Bay
tt4727756,54075,7840000,7894075,The Ark of Mr Chow
tt4729990,5902,0,5902,Slash
tt4731008,8005586,31537995,39543581,The Wild Life
tt4731136,8106986,18513016,26620002,A Cure for Wellness
tt4738360,8905,3696713,3705618,The Last King
tt4741774,30588,8186,38774,The Son of Joseph
tt4744086,857986,308795,1166781,Ki & Ka
tt4746484,13693,1714558,1728251,After Love
tt4761916,8866745,7158242,16024987,Unfriended: Dark Web
tt4765284,104897530,80502815,185400345,Pitch Perfect 3
tt4768764,1200627,93192393,94393020,Veteran
tt4768776,24470,656258,680728,"Right Now, Wrong Then"
tt4769214,20991,632875,653866,Whisky Galore
tt4769824,172147,19324161,19496308,In This Corner of the World
tt4775814,3497,0,3497,Who's Crazy?
tt4776998,8224288,4224388,12448676,The Promise
tt4777008,113929605,377800484,491730089,Maleficent: Mistress of Evil
tt4777584,41614,110564,152178,One Week and a Day
tt4778988,2470979,39172,2510151,LBJ
tt4779036,76134,0,76134,Don't Blink - Robert Frank
tt4779682,145443742,384800000,530243742,The Meg
tt4786282,67268835,81600000,148868835,Lights Out
tt4786638,13547,0,13547,Eli
tt4789160,50451,0,50451,Keep Quiet
tt4789618,5268,0,5268,Still Here
tt4792524,17688,0,17688,Bad Grandmas
tt4794512,56196,0,56196,Wedding Doll
tt4795124,32149404,29731968,61881372,How to Be a Latin Lover
tt4795546,30157,291611,321768,Nocturama
tt4796122,252,348931,349183,Satanic
tt4797082,1484,0,1484,Making Rounds
tt4799050,22105643,25241640,47347283,Rough Night
tt4799066,9561064,17804403,27365467,Midnight Sun
tt4801232,12772,12497,25269,In Search of Fellini
tt4807408,10205616,4197,10209813,The Best of Enemies
tt4814290,331507,60450,391957,Te3n
tt4819470,149761,59832141,59981902,Forever Young
tt4819514,286639,21500000,21786639,Go Away Mr Tumour
tt4819544,61565,10796324,10857889,Only You
tt4819560,92696,31129465,31222161,Saving Mr. Wu
tt4819576,350456,57739038,58089494,L.O.R.D: Legend of Ravaging Dynasties
tt4820284,315049,0,315049,Obit.
tt4823538,2783739,8238055,11021794,La boda de Valentina
tt4823776,4762911,0,4762911,The SpongeBob Movie: Sponge on the Run
tt4824302,32492859,16289811,48782670,Mother's Day
tt4824308,20774575,3713273,24487848,God's Not Dead 2
tt4824316,3948,0,3948,Armed
tt4826674,155475,326734,482209,The Journey
tt4827558,1225852,907181,2133033,High Life
tt4827986,1274420,3807075,5081495,The Sense of an Ending
tt4830786,875751,411817,1287568,The Cakemaker
tt4831810,6634,0,6634,The Persian Connection
tt4832640,6200000,81080000,87280000,Sultan
tt4835086,45270,502856,548126,We Are X
tt4838334,94326,0,94326,The Fight Within
tt4843618,4153,0,4153,Badsville
tt4844140,33273,417546,450819,True History of the Kelly Gang
tt4844148,399471,35087719,35487190,Mia and the White Lion
tt4846232,2026499,1256870,3283369,Good Time
tt4846340,169607287,66349611,235956898,Hidden Figures
tt4847546,8708,0,8708,Blood Feast
tt4849438,20186659,233971731,254158390,Baahubali 2: The Conclusion
tt4853102,3775000,687034,4462034,Batman: The Killing Joke
tt4853154,74909,0,74909,Bill Nye: Science Guy
tt4862478,629126,526137,1155263,Embrace: The Documentary
tt4864932,438207,238395,676602,Baaghi
tt4871980,9669521,745217,10414738,The Perfect Match
tt4872078,32919,0,32919,The Intervention
tt4872260,26019,0,26019,Ridge Runners
tt4874206,1126,316997,318123,The Student
tt4875456,3016,0,3016,Best and Most Beautiful Things
tt4875774,6660,0,6660,Footnotes
tt4877122,86089513,131687133,217776646,The Emoji Movie
tt4881016,32757,0,32757,No Home Movie
tt4881806,417719760,890748184,1308467944,Jurassic World: Fallen Kingdom
tt4892682,127381,6262267,6389648,A Journey Through Time with Antony
tt4892714,212508,41277,253785,Fall in Love Like a Star
tt4897822,3827261,837495,4664756,Where to Invade Next
tt4899370,13406883,1103607,14510490,Megan Leavey
tt4899406,26734,146485,173219,Neon Bull
tt4900716,2607036,12789411,15396447,Kapoor & Sons
tt4902260,9104,0,9104,The Eyes
tt4902904,2303792,4563,2308355,The Resurrection of Gavin Stone
tt4907572,51858,0,51858,Quay
tt4910718,21108,0,21108,The Happys
tt4911996,87639,0,87639,Goldstone
tt4912910,220159104,570956000,791115104,Mission: Impossible - Fallout
tt4913966,54733739,67400000,122133739,The Curse of La Llorona
tt4914580,541719,53949443,54491162,The Age of Shadows
tt4916630,36001502,14400000,50401502,Just Mercy
tt4917224,170000,30229,200229,11-9ï
tt4919484,702537,1306112,2008649,Little Men
tt4922692,12450,7538832,7551282,"Kiki, Love to Love"
tt4923042,17091,144138,161229,Tharlo
tt4925292,48958273,30007338,78965611,Lady Bird
tt4929038,50511,24203,74714,The Ornithologist
tt4932388,12189,2128001,2140190,Let Yourself Go
tt4934950,342370,6536728,6879098,Talvar
tt4935158,104038,0,104038,Demon
tt4935282,28411,0,28411,"Rabin, the Last Day"
tt4935334,23665,0,23665,Southbound
tt4935446,420813,55571,476384,Heart of a Dog
tt4935462,4450456,3126449,7576905,Amazing Grace
tt4935480,120880,0,120880,Miss Sharon Jones!
tt4936064,121094,0,121094,In Jackson Heights
tt4936398,65524,0,65524,"3100, Run and Become"
tt4936450,175975,1839027,2015002,Graduation
tt4937156,100086,405799,505885,Our Last Tango
tt4938484,8239,0,8239,Silicon Cowboys
tt4939066,1023348,1726570,2749918,Battle for Incheon: Operation Chromite
tt4941354,3837,0,3837,The Second Time Around
tt4943322,240978,172866,413844,The Ottoman Lieutenant
tt4944352,206040,4419599,4625639,Heneral Luna
tt4947738,222565,0,222565,Spirit of the Game
tt4948452,761,5411171,5411932,The Student and Mister Henri
tt4950110,2082980,0,2082980,I'm Not Ashamed
tt4954522,514870,2581945,3096815,Raw
tt4955566,1481,34361,35842,Almost Friends
tt4957446,31747,0,31747,Paths of the Soul
tt4958448,148505,611121,759626,Museo
tt4958468,2156047,4000889,6156936,The Patriarch
tt4964772,200219,14450,214669,Risk
tt4964788,2660165,15337185,17997350,Everybody Knows
tt4967220,202788,0,202788,Keep the Change
tt4971344,3143056,10000000,13143056,The Sisters Brothers
tt4972062,4417667,0,4417667,Don't Think Twice
tt4972582,138291365,140162993,278454358,Split
tt4975498,50162,7500015,7550177,The Advocate: A Missing Body
tt4975722,27854932,37191755,65046687,Moonlight
tt4975920,1508593,44738,1553331,The Kid
tt4976588,12875,266107,278982,Lou Andreas-Salomï¿½ï¿½ï¿½ï¿½ï¿½ï¿½ï¿½ï¿½ï¿½
tt4977530,1105717,6717539,7823256,Viceroy's House
tt4978274,1499605,0,1499605,Priceless
tt4978710,180608,33250,213858,Marjorie Prime
tt4979652,418063,33545494,33963557,The Witness
tt4981636,20007149,3308990,23316139,Middle School: The Worst Years of My Life
tt4984930,67816,0,67816,The Messenger
tt4986134,378294,566076,944370,Rebel in the Rye
tt4995790,1502347,7991444,9493791,The Square
tt5001130,29233,0,29233,Time to Choose
tt5001718,34121140,27500000,61621140,"Everything, Everything"
tt5004766,38786,13580,52366,Birdboy: The Forgotten Children
tt5011290,96421,48884371,48980792,So Young 2: Never Gone
tt5013056,189740665,337200000,526940665,Dunkirk
tt5016028,27284,0,27284,Unlocking the Cage
tt5022560,32140,0,32140,Goodland
tt5023260,1783421,1198583,2982004,The Last Word
tt5027774,54513740,104696424,159210164,"Three Billboards Outside Ebbing, Missouri"
tt5028340,171958438,177579056,349537494,Mary Poppins Returns
tt5028822,10844,0,10844,What Happened Last Night
tt5029608,880883,6597471,7478354,Frantz
tt5032364,37010,0,37010,The Quiet One
tt5033998,17803077,52543838,70346915,Charlie's Angels
tt5034276,40516,10510802,10551318,The Phone
tt5038134,15386,0,15386,Lore
tt5038358,310,37197,37507,News from Planet Mars
tt5039088,22091,6540,28631,The Transfiguration
tt5039860,3465,5619669,5623134,Dalida
tt5048406,12273,0,12273,4 Days in France
tt5049302,185093,36392041,36577134,The Priests
tt5052448,176040665,79367304,255407969,Get Out
tt5052474,50072235,25764448,75836683,Sicario: Day of the Soldado
tt5061162,64437,1285989,1350426,The Teacher
tt5061814,1293626,226829302,228122928,Goodbye Mr. Loser
tt5066818,119100,0,119100,Remember the Goal
tt5071886,3903095,485694,4388789,Kabali
tt5072406,129547,1363520,1493067,Moka
tt5073020,21135,0,21135,God Knows Where I Am
tt5074352,12391761,290503690,302895451,Dangal
tt5078134,37626,858318,895944,A Woman's Life
tt5078326,8494,15122418,15130912,Irreplaceable
tt5078354,257597,4271986,4529583,Cezanne et Moi
tt5078390,20205,0,20205,New World Order
tt5078656,175232,0,175232,Champion
tt5080556,4152000,6695903,10847903,2
tt5083738,34366783,61551923,95918706,The Favourite
tt5084170,150532,7012085,7162617,Blade of the Immortal
tt5086772,20907,0,20907,Man Underground
tt5089534,19696,961,20657,Freak Show
tt5091538,543,8750135,8750678,La folle histoire de Max et Lï¿½ï
tt5091612,411318,10487680,10898998,A Bag of Marbles
tt5092380,77987,2764053,2842040,Hold Your Breath
tt5093026,2335896,2180684,4516580,Papillon
tt5093754,44263,6515733,6559996,A Melody to Remember
tt5095030,216648740,406025399,622674139,Ant-Man and the Wasp
tt5095472,1172,0,1172,A Different American Dream
tt5096536,3176,2220353,2223529,Heal the Living
tt5096846,13638,60350,73988,The Boy Downstairs
tt5097070,71917,1059732,1131649,Dancer
tt5102816,129393,0,129393,The Metropolitan Opera HD Live: Verdi: Il Trovatore
tt5104604,32015231,32226268,64241499,Isle of Dogs
tt5105734,122587,26024,148611,The Kingmaker
tt5105784,3726,0,3726,The Free Speech Apocalypse
tt5108476,498000,542421,1040421,Befikre
tt5109784,17800004,26716995,44516999,Mother!
tt5111874,22936,2107930,2130866,My Scientology Movie
tt5112578,33109,0,33109,Super Dark Times
tt5112622,560824,102636677,103197501,Cold War II
tt5113040,158257265,271176898,429434163,The Secret Life of Pets 2
tt5115546,6639,0,6639,Ghost Team
tt5116410,101987,0,101987,Tower
tt5116504,1231040,0,1231040,True to the Game
tt5117428,1635117,5488332,7123449,Wild Rose
tt5117670,115253424,236013009,351266433,Peter Rabbit
tt5119264,147780,0,147780,Restless Creature: Wendy Whelan
tt5119268,23136,0,23136,For Ahkeem
tt5120042,37849,0,37849,I Am the Blues
tt5120400,2255,0,2255,Red Christmas
tt5125894,13631124,2787094,16418218,Poms
tt5126654,3774,0,3774,The Gender Card Flip
tt5129510,43635,166080,209715,The Death of Louis XIV
tt5129682,81757,0,81757,King Cobra
tt5129818,105036,200957,305993,Under the Sun
tt5131960,34249,0,34249,Off the Rails
tt5135206,7553,0,7553,The Wrong Light
tt5135868,4322,0,4322,On Meditation
tt5140182,12795,0,12795,Junction 48
tt5140878,102092201,204423683,306515884,Annabelle: Creation
tt5142216,4300,0,4300,Auto Shop of Horrors
tt5143704,455,0,455,Green is Gold
tt5143890,3259,0,3259,Justice
tt5144348,18440,1997,20437,Burden
tt5146068,20762,0,20762,All These Sleepless Nights
tt5153236,144396,6190775,6335171,Hampstead
tt5157326,41072,114143,155215,Western
tt5158522,3040,115411,118451,The Levelling
tt5160938,642157,202629,844786,Lizzie
tt5162658,5539,1522646,1528185,Gold
tt5163286,228153,0,228153,Jeremiah Tower: The Last Magnificent
tt5164214,140218711,157500000,297718711,Ocean's Eight
tt5164412,43756,0,43756,The Land
tt5164432,40826341,25489948,66316289,"Love, Simon"
tt5165344,1087419,571175,1658594,Rustom
tt5168192,260354,0,15793051,"I, Daniel Blake"
tt5170338,7703,0,7703,I Don't Belong Anywhere: The Cinema of Chantal Akerman
tt5173032,73121,0,73121,Buster's Mal Heart
tt5175450,768946,3603184,4372130,Mark Felt: The Man Who Brought Down The White House
tt5176580,519487,0,519487,Wild Nights with Emily
tt5176762,7998,0,7998,Talent Has Hunger
tt5177088,14841338,20323582,35164920,The Girl in the Spider's Web
tt5179598,1349,2712606,2713955,Billionaire Boys Club
tt5180888,32608,0,32608,Sollers Point
tt5182856,17191,136092,153283,Harmonium
tt5186236,33443,909586,943029,Afterimage
tt5186714,2402067,4551537,6953604,The Salesman
tt5187886,13975,2100285,2114260,Abracadabra
tt5191938,31399,0,31399,Sidemen: Long Road to Glory
tt5195412,262599,535615,798214,Wakefield
tt5197544,981947,347830,1329777,Baar Baar Dekho
tt5198670,59717,0,59717,Where Is Kyra?
tt5198796,20208,0,20208,Izzy Gets the F*ck Across Town
tt5200814,208611,73315,281926,Ho Mann Jahaan
tt5208216,1060377,2221486,3281863,Wonderstruck
tt5208252,17612099,0,17612099,Operation Finale
tt5208950,4537,97153,101690,Kickboxer: Retaliation
tt5211044,19107,0,19107,Revelation: Dawn of Global Government
tt5213534,242867,1235252,1478119,Oasis: Supersonic
tt5215486,132369,0,132369,Dawson City: Frozen Time
tt5215952,786633,49065137,49851770,The Wailing
tt5217256,6627,0,6627,The Dying of the Light
tt5219972,10452,0,10452,Class Rank
tt5220122,167510016,361073758,528583774,Hotel Transylvania 3: Summer Vacation
tt5221584,285930,2800047,3085977,Aquarius
tt5222918,183943,4099030,4282973,The Other Side of Hope
tt5225338,27099,2440,29539,The Eyes of My Mother
tt5226984,381610,1410804,1792414,Tom of Finland
tt5231812,12158,444113,456271,Staying Vertical
tt5236900,44230,0,44230,Nuts!
tt5239942,12668,0,12668,Heal
tt5240372,89408,12104675,12194083,I Married an Anti-Fan
tt5241356,16611,0,16611,The Freedom to Marry
tt5241760,260534,0,260534,Eating You Alive
tt5246328,36386,0,36386,How to Let Go of the World: and Love All the Things Climate Can't Change
tt5247022,2152738,7435544,9588282,Paterson
tt5247026,48499,0,48499,Person to Person
tt5247704,257610,11368274,11625884,Back to Burgundy
tt5251328,423593,65783480,66207073,One Piece Film: Gold
tt5254640,38578,0,38578,Spa Night
tt5255710,22121,45615,67736,Sanam Teri Kasam
tt5257730,163406,6150421,6313827,Sheng zhe wei wang
tt5258306,15305,0,15305,Contemporary Color
tt5259692,63241,0,63241,Trapped
tt5259822,92835,118739,211574,Tesla
tt5259966,11528613,12012324,23540937,No manches Frida
tt5260002,170457,0,170457,Apparition Hill
tt5265492,16533,0,16533,33 & Beyond: The Royal Art of Freemasonry
tt5265702,71775,3738654,3810429,Sweet 20
tt5265960,27593,33656,61249,The Untamed
tt5268348,237709,50000,287709,Generation Wealth
tt5269396,75526,14639098,14714624,Sword Master
tt5270948,17395520,591151,17986671,Chappaquiddick
tt5272796,18489,0,18489,All the Rage
tt5273624,880346,245740052,246620398,Journey to the West: The Demons Strike Back
tt5275314,78578,5629192,5707770,My Best Friend's Wedding
tt5275828,594912,170884,765796,Lo and Behold: Reveries of the Connected World
tt5275830,355074,10466,365540,Eat That Question
tt5275866,70950,0,70950,Norman Lear: Just Another Version of You
tt5275884,106057,1883,107940,"Love, Cecil"
tt5278458,6226,0,6226,The Bad Kids
tt5278462,85999,1687,87686,Author: The JT LeRoy Story
tt5278464,18051,0,18051,Holy Hell
tt5278506,613956,176563,790519,Tickled
tt5278578,14109,0,14109,Newtown
tt5278592,25564,1800,27364,Kate Plays Christine
tt5278596,1676108,39847,1715955,Weiner
tt5278832,101657,7189,108846,The Lure
tt5278868,55511,40010,95521,The Lovers & the Despot
tt5278914,41562,0,41562,The Settlers
tt5278932,12080,0,12080,When Two Worlds Collide
tt5279122,32059,3977,36036,Brimstone & Glory
tt5282006,13450,6088454,6101904,The Duelist
tt5286444,1585687,16032593,17618280,Neerja
tt5290882,474252,125368683,125842935,Detective Chinatown
tt5294550,25113707,31882597,56996304,All the Money in the World
tt5294966,272132,5110754,5382886,After the Storm
tt5297654,131058,98468884,98599942,Devil and Angel
tt5298558,28456,32811,61267,The Seasons In Quincy: Four Portraits of John Berger
tt5301662,10051659,65157,10116816,Marshall
tt5304086,104734,0,104734,Dictator
tt5304464,301718,2309076,2610794,Happy End
tt5308322,55683845,69795421,125479266,Happy Death Day
tt5310090,76931,17856,94787,Saala Khadoos
tt5311514,5017246,352968841,357986087,Your Name.
tt5314190,4015935,916759,4932694,Sgt. Stubby: An American Hero
tt5314450,139270,0,139270,Burden
tt5319866,1687000,0,1687000,Slamma Jamma
tt5321942,1741889,2828868,4570757,Find a Boyfriend for My Wife... PLEASE!
tt5322012,14301505,9167081,23468586,Wish Upon
tt5323662,644391,29846056,30490447,A Silent Voice: The Movie
tt5325030,12554,0,12554,My Art
tt5325452,73206343,1621001,74827344,Tyler Perry's Boo! A Madea Halloween
tt5325492,5518,0,5518,Are We Not Cats
tt5326364,3751,0,3751,Nelly
tt5328952,31551,0,31551,Signature Move
tt5337758,172533,29374,201907,"Hieronymus Bosch, Touched by the Devil"
tt5338644,18627,759515,778142,Mrs. Hyde
tt5340300,1163056,1280528,2443584,Lean on Pete
tt5342650,108970,29836275,29945245,Reset
tt5342904,1579440,0,1579440,The Stray
tt5344150,20102,0,20102,The Man from Outer Space
tt5347158,29500,0,29500,The Best Democracy Money Can Buy
tt5348236,603582,6682554,7286136,The Midwife
tt5350800,5937,0,5937,Starless Dreams
tt5358370,82143,24625,106768,Vita Activa: The Spirit of Hannah Arendt
tt5358570,50839,5664716,5715555,Like for Likes
tt5359048,8190,0,8190,Spiral
tt5360952,6115825,26401423,32517248,The Hurricane Heist
tt5360996,124741,0,124741,Mary Magdalene
tt5362988,33800859,10179962,43980821,Wind River
tt5375040,102033,7431,109464,Cameraperson
tt5375434,15285,189607,204892,Sicilian Ghost Story
tt5390430,1940,0,1940,"Accidental Courtesy: Daryl Davis, Race & America"
tt5390504,16790139,6564961,23355100,Detroit
tt5419742,5454,68887,74341,Reset
tt5420886,101947,60498,162445,Walking Out
tt5424228,626318,0,626318,"Love, Gilda"
tt5427194,10230620,0,10230620,The Miracle Season
tt5427450,26950,0,26950,Mali Blues
tt5428662,2816816,34024,2850840,The Oscar Nominated Short Films 2016: Live Action
tt5431890,1988546,5167585,7156131,Official Secrets
tt5432624,59299,0,59299,Bang! The Bert Berns Story
tt5433330,1227,4042,5269,It's Not Yet Dark
tt5433520,5614,2236857,2242471,No culpes al karma de lo que te pasa por gilipollas
tt5436228,57528,23384,80912,Woman Walks Ahead
tt5437928,5137622,9135411,14273033,Colette
tt5439796,27780977,20672628,48453605,Logan Lucky
tt5442430,30234022,70307784,100541806,Life
tt5446610,63564,231565,295129,The Tenth Man
tt5446858,109649,0,109649,Zero Days
tt5447816,8109,0,8109,From Nowhere
tt5451690,237708,0,237708,American Satan
tt5452964,11678,192905,204583,Don't Call Me Son
tt5456546,1431255,25510872,26942127,Twins 2
tt5457078,121098,0,121098,Love After Love
tt5460530,4526,68744,73270,Vengeance: A Love Story
tt5461944,9651611,11663205,21314816,Hotel Mumbai
tt5462244,1422,0,1422,The Silence of Mark Rothko
tt5462602,42873127,13538458,56411585,The Big Sick
tt5463162,324591735,460455185,785046920,Once Upon a Deadpool
tt5465370,219401,3459268,3678669,Naam Hai Akira
tt5466186,3326885,5444547,8771432,7 Days in Entebbe
tt5468016,59114,0,59114,DIGIMON ADVENTURE tri.: Loss
tt5468018,52339,329780,382119,Digimon Adventure Tri. 5: Coexistence
tt5468886,83992,0,83992,Los Sures
tt5471480,8944,92795,101739,Magnus
tt5472758,351840,74505,426345,Happy Bhaag Jayegi
tt5474036,567417,449128,1016545,Husband Material
tt5474522,7476,292,7768,Old Stone
tt5475022,37381,49235,86616,School Life
tt5476944,248286,262846,511132,Black Butler: Book of the Atlantic
tt5477608,350703,182174,532877,Kahaani 2
tt5478446,121772,0,121772,A Tuba to Cuba
tt5478478,29819114,5849903,35669017,Hostiles
tt5480782,31177,4537,35714,Good Manners
tt5481184,181633,43317133,43498766,League of Gods
tt5485522,16216,6853,23069,Three Peaks
tt5493944,147175,2463567,2610742,The Little Mermaid
tt5494396,51499,0,51499,Tickling Giants
tt5495792,100780,178635,279415,Wonders of the Sea
tt5496628,5772,0,5772,In the Life of Music
tt5497906,3742,0,3742,Bugs
tt5501104,771930,1405748,2177678,Border
tt5502766,467596,5013431,5481027,Phillauri
tt5503266,125616,23731601,23857217,Spirits' Homecoming
tt5503512,25287,0,25287,Disturbing the Peace
tt5503686,104963598,52600000,157563598,Hustlers
tt5503688,14838,1120693,1135531,Fathom Premieres 6 Below: Miracle on the Mountain
tt5509780,7706,0,7706,Maurizio Cattelan: Be Right Back
tt5512872,15395,0,15395,Be Somebody
tt5514372,11314,0,11314,Saigon Bodyguards
tt5515022,25358,8073943,8099301,The New Year's Eve of Old Lee
tt5516328,148747,3982611,4131358,Ghost Stories
tt5518756,26123,0,26123,The Misandrists
tt5519566,527474,545469,1072943,The First Monday in May
tt5523010,54858851,119102218,173961069,The Nutcracker and the Four Realms
tt5525310,10656,0,10656,National Bird
tt5535726,22271,0,22271,Generation Startup
tt5535814,18123,0,18123,Peter and the Farm
tt5537228,1915789,4566009,6481798,Everybody Loves Somebody
tt5538568,68883,0,68883,My Entire High School Sinking Into the Sea
tt5540188,81089,3898447,3979536,The Nile Hilton Incident
tt5540992,77980,104435,182415,Shock and Awe
tt5544384,1522976,19202433,20725409,Sword Art Online The Movie: Ordinal Scale
tt5557976,72791,0,72791,Do Not Resist
tt5562652,1163265,0,1163265,Vaxxed: From Cover-Up to Catastrophe
tt5563334,17156058,16100000,33256058,The Good Liar
tt5563782,538179,0,538179,Followed
tt5572856,4942,0,4942,Tournament
tt5576174,14814,2830310,2845124,Remember You
tt5576336,92377,1452975,1545352,New York New York
tt5577494,364716,0,364716,Clemency
tt5578150,3352,0,3352,Amanda & Jack Go Glamping
tt5580036,30014539,23924758,53939297,"I, Tonya"
tt5580266,29719483,5214526,34934009,The Hate U Give
tt5580390,63859435,131384029,195243464,The Shape of Water
tt5584796,74758,275128,349886,Tehran Taboo
tt5586052,407373,356877,764250,The Invisibles
tt5587198,5835,0,5835,Blood Widow
tt5588850,693984,0,693984,Chris Brown: Welcome To My Life
tt5592248,10709995,16687660,27397655,The Beguiled
tt5595168,269980,5455502,5725482,Kingsglaive: Final Fantasy XV
tt5595240,203790,92925,296715,Kaptaan
tt5596352,779818,57326609,58106427,Huo guo ying xiong
tt5597408,59425,8252936,8312361,Time Renegades
tt5598102,953717,3044733,3998450,Faces Places
tt5598206,57635,0,57635,Command and Control
tt5599520,4663,0,4663,Night School
tt5599692,18215,124906,143121,Clash
tt5606538,475618,55496623,55972241,Confidential Assignment
tt5606664,31581712,40700000,72281712,Doctor Sleep
tt5607096,3444895,1063365,4508260,"Juliet, Naked"
tt5609734,73730,103203,176933,Bye Bye Germany
tt5610554,9369755,6266707,15636462,Tully
tt5613484,7362439,1940583,9303022,Mid90s
tt5613834,410055,2500747,2910802,A Gentleman
tt5615222,4842,0,4842,Call Her Applebroog
tt5616176,1006907,0,1006907,2 Hearts
tt5617312,1941,13730,15671,The Bay of Silence
tt5619332,53059911,12800000,65859911,Life of the Party
tt5619338,4934,0,4934,Company Town
tt5628302,800365,943706,1744071,Beast
tt5630752,3550,0,3550,Fourplay
tt5635086,335609,2224330,2559939,God's Own Country
tt5636668,594552,43297810,43892362,Battle of Memories
tt5639354,2020988,1681365,3702353,A Fantastic Woman
tt5639650,43955,13482888,13526843,Phantom of the Theatre
tt5639898,5007,0,5007,Social Animals
tt5644050,578717,184971,763688,Pick of the Litter
tt5644726,67054,9687141,9754195,Phantom Detective
tt5645932,1209645,61927,1271572,Beautifully Broken
tt5646136,13099931,0,13099931,Hillary's America: The Secret History of the Democratic Party
tt5647942,17740,0,17740,Sacred
tt5649108,3072605,114650,3187255,Thoroughbreds
tt5649144,5904366,5066932,10971298,The Florida Project
tt5652594,52214,18960,71174,My Journey Through French Cinema
tt5655222,4077333,24366,4101699,The Hero
tt5657846,104029443,76583737,180613180,Daddy's Home 2
tt5658242,40099,0,40099,Humor Me
tt5664636,46700633,46619747,93320380,Goosebumps 2: Haunted Halloween
tt5664676,113435,0,113435,"We Love You, Sally Carmichael!"
tt5666304,1647175,0,1647175,The Little Hours
tt5668850,26167,80212,106379,The Charmer
tt5669936,22943,89414,112357,The Recall
tt5670152,9186156,329758,9515914,Traffik
tt5673714,42812,0,42812,First We Take Brooklyn
tt5680678,6258,1858347,1864605,Inseparables
tt5684466,2313043,0,2313043,A Aa
tt5685652,5004,0,5004,An L.A. Minute
tt5686062,703438,52539,755977,Boundaries
tt5687040,102510,2973052,3075562,Ismael's Ghosts
tt5687334,82264,1246752,1329016,Godard Mon Amour
tt5687814,41888,0,41888,Golden Exits
tt5688868,21497,51886,73383,Primal Rage: The Legend of Konga
tt5688932,17493096,677611,18170707,Sorry to Bother You
tt5690244,9710,4621,14331,Machines
tt5690360,30569484,21169065,51738549,Slender Man
tt5690810,50722,178683,229405,Ophelia
tt5691024,17857020,21299834,39156854,Show Dogs
tt5691670,46083,2007386,2053469,Under the Silver Lake
tt5692390,4764,411414,416178,Status Update
tt5697572,27166770,46444412,73611182,Cats
tt5698496,21787,99233,121020,The Girl Without Hands
tt5698568,2848,1992197,1995045,1898. Los ï¿½ï¿½ï¿½ï¿½ï¿½ï¿½ï¿½
tt5700176,7714,231468,239182,Dark River
tt5700402,1190,0,1190,Under the Turban
tt5700672,2129768,85417750,87547518,Train to Busan
tt5702446,2846257,1976,2848233,God Bless the Broken Road
tt5705058,127986,1739750,1867736,Marie Curie: The Courage of Knowledge
tt5706370,36723,0,36723,Three Christs
tt5706568,98468,0,98468,Aida's Secrets
tt5708028,3815,409,4224,Cocote
tt5709188,6501381,1966316,8467697,A-X-L
tt5709852,16172,0,16172,All the Queen's Horses
tt5710688,73585,0,73585,Wait for Your Laugh
tt5711148,1026124,3021793,4047917,Film Stars Don't Die in Liverpool
tt5711672,217812,0,217812,Getting Grace
tt5712058,828278,6247,834525,Premam
tt5713994,21589,0,21589,Half the Picture
tt5715410,289308,46756973,47046281,Son of Bigfoot
tt5715874,2291901,4735435,7027336,The Killing of a Sacred Deer
tt5716464,490131,4536023,5026154,Breathe
tt5718046,1743,4148,5891,An Actor Prepares
tt5718290,38100,0,38100,Germans & Jews
tt5719232,23116,0,23116,Finding Oscar
tt5719700,27020284,10250437,37270721,Home Again
tt5719748,32138862,44280893,76419755,Cold Pursuit
tt5721088,6069605,1564417,7634022,Just Getting Started
tt5722516,33953,0,33953,Maui
tt5723272,321011,4783980,5104991,In the Fade
tt5726086,67745330,100140258,167885588,Insidious: The Last Key
tt5726616,18095701,23791894,41887595,Call Me by Your Name
tt5727208,50023780,0,50023780,Uncut Gems
tt5727282,231346,3198819,3430165,Borg vs. McEnroe
tt5729246,97477,14680505,14777982,Seondal: The Man Who Sells the River
tt5729348,91335,18924011,19015346,Memoir of a Murderer
tt5730882,26080,0,26080,They Call us Monsters
tt5731132,48198,1108649,1156847,Napping Princess
tt5734576,14837422,28179106,43016528,The Possession of Hannah Grace
tt5735464,597251,51027548,51624799,Master
tt5737862,940854,0,940854,Landline
tt5740866,3026351,1578772,4605123,Whitney
tt5741038,9518,0,9518,Strangers on the Earth
tt5742374,2528078,6832436,9360514,You Were Never Really Here
tt5742874,249588,109340,358928,Sarkar 3
tt5752360,21786,0,21786,The Female Brain
tt5752606,44381,0,44381,Maze
tt5755280,58177,0,58177,Cynthia
tt5755606,25531,0,25531,Banjo
tt5758404,1146292,6547,1152839,Step
tt5758778,68420120,236448841,304868961,Skyscraper
tt5764024,355922,5049979,5405901,Okay Darling
tt5764816,2367,60349,62716,The Swan
tt5765144,16182,5167,21349,Song Of Granite
tt5770620,2194521,21562,2216083,The Lovers
tt5770864,5472,0,5472,The Man from Earth: Holocene
tt5771710,44261,128358,172619,Rodin
tt5773986,199767,27295,227062,Studio 54
tt5774060,17291078,23591850,40882928,Underwater
tt5776858,21198205,26558385,47756590,Phantom Thread
tt5777992,11271,0,11271,Theo Who Lived
tt5779372,1201434,1050361,2251795,An Interview with God
tt5785170,1830715,15736702,17567417,Toilet: A Love Story
tt5787384,180099,11579,191678,Past Life
tt5788528,17099,0,17099,On the Map
tt5791098,506145,1042748,1548893,Tel Aviv on Fire
tt5791932,45536,0,45536,3 Weeks in Yerevan
tt5792490,43169,29953,73122,Antonio Lopez 1970: Sex Fashion & Disco
tt5795086,200340,0,200340,Gemini
tt5795282,64988,60360,125348,This Changes Everything
tt5799928,56550,7752981,7809531,Dongju: The Portrait of a Poet
tt5802404,9129,0,9129,Thirst Street
tt5804038,7123919,1221379,8345298,I Am Not Your Negro
tt5804314,7233471,0,7233471,Let There Be Light
tt5805752,532669,148963,681632,Brigsby Bear
tt5814060,117450119,248100000,365550119,The Nun
tt5814534,66757013,104859751,171616764,Spies in Disguise
tt5814592,749827,4848123,5597950,The Party
tt5815492,1006193,234470,1240663,1945
tt5815940,897876,26008,923884,Gentleman
tt5816374,248370,0,248370,Band Aid
tt5816682,22245070,43176197,65421267,Victoria & Abdul
tt5816712,2684,0,2684,Santoalla
tt5818818,76277,118804,195081,The Divine Order
tt5821256,60056,4833,64889,Manolo: the Boy Who Made Shoes for Lizards
tt5822564,12180032,3700000,15880032,The Kitchen
tt5825380,1404061,14485063,15889124,Wonder Wheel
tt5827212,93409,0,93409,Let the Corpses Tan
tt5827916,1730597,2393765,4124362,A Hidden Life
tt5829116,39493,0,39493,The Homeless Billionaire
tt5833186,6294,6650,12944,The Last Rampage
tt5834262,6708147,6605434,13313581,Hotel Artemis
tt5835100,555533,0,555533,Samaritan's Purse presents Facing Darkness
tt5836316,14410,0,14410,The Last Movie Star
tt5836706,12350,126494,138844,Head Full of Honey
tt5836866,5853,14701,20554,The Work
tt5837242,12954,99117,112071,How Viktor 'The Garlic' Took Alexey 'The Stud' to the Nursing Home
tt5840448,35195,0,35195,Rat Film
tt5843574,4489,0,4489,The Pulitzer at 100
tt5843780,9893,51896,61789,River Runs Red
tt5843850,274635,635634,910269,Kings
tt5843990,3974,399,4373,The Woman Who Left
tt5844196,48698,347,49045,Hal
tt5848272,201091711,328232251,529323962,Ralph Breaks the Internet
tt5851904,35787,9386340,9422127,The Big Bad Fox and Other Tales
tt5859238,955925,905840,1861765,Lucky
tt5859882,42741,767266,810007,Vita & Virginia
tt5862902,36012,1515151,1551163,Yardie
tt5866930,216556,36580260,36796816,The Adventurers
tt5867314,1401379,118376,1519755,The Empty Man
tt5880296,43152,1004,44156,Hermia & Helena
tt5881528,305136,18099,323235,Damsel
tt5881892,6542,0,6542,Elizabeth Blue
tt5882704,30142,7830305,7860447,For a Few Bullets
tt5882970,930058,3720398,4650456,Tubelight
tt5883570,113956,0,113956,Bodied
tt5884052,144105346,287600000,431705346,Pokï¿½ï¿½ï¿½ï¿½ï¿½ï¿½ï¿½ï¿
tt5884230,2133158,1672264,3805422,Brad's Status
tt5886046,57005601,98706476,155712077,Escape Room
tt5886440,1377,12293554,12294931,Marrowbone
tt5891122,24358,16223,40581,Life and Nothing More
tt5897636,185903,1797246,1983149,Summer 1993
tt5900988,45542,22201,67743,Summer in the Forest
tt5910280,568876,51875419,52444295,Tunnel
tt5910344,35821,0,35821,The House of Tomorrow
tt5912454,21626,0,21626,Blue Jay
tt5918028,175702,18125141,18300843,Asura
tt5918090,436798,70389409,70826207,I Am Not Madame Bovary
tt5918982,715098,0,715098,Possessor Uncut
tt5923026,17788,8543,26331,Marlina the Murderer in Four Acts
tt5925968,29245,26920,56165,False Confessions
tt5929750,7115854,309537,7425391,Beatriz at Dinner
tt5929754,1050616,2181022,3231638,Wildlife
tt5932330,7072,0,7072,In Echo Park
tt5933560,12847,0,12847,Permanent
tt5935704,11846060,11145000,22991060,Padmaavat
tt5937296,18415,69313,87728,Glory
tt5938084,178471,45249,223720,BuyBust
tt5938234,6253,0,6253,The Skyjacker's Tale
tt5938950,289573,792883,1082456,Mystify: Michael Hutchence
tt5941692,15006824,376756,15383580,Miss Bala
tt5943708,11043,0,11043,The Challenge
tt5946128,2376479,823102,3199581,Dear Zindagi
tt5947416,29259,4105996,4135255,The Last Princess
tt5952382,113278,0,113278,Abacus: Small Enough to Jail
tt5952468,125227,0,125227,The B-Side: Elsa Dorfman's Portrait Photography
tt5952526,41072,0,41072,Karl Marx City
tt5952594,5043620,1362196,6405816,The Mustang
tt5956100,5560921,81759079,87320000,Tiger Zinda Hai
tt5957104,2621,0,2621,ACORN and the Firestorm
tt5959952,16405,0,16405,Mission Control: The Unsung Heroes of Apollo
tt5960374,727119,672153,1399272,Vox Lux
tt5961314,78900,9820117,9899017,The Princess and the Matchmaker
tt5962210,3024308,122523,3146831,Ingrid Goes West
tt5963314,18829,0,18829,Frank and Ava
tt5966990,218563,0,218563,California Typewriter
tt5968394,5958315,2814497,8772812,Captive State
tt5969696,1104957,45036517,46141474,The Battleship Island
tt5970844,1449848,12891583,14341431,Thugs of Hindostan
tt5971724,207825,1755,209580,SEED: The Untold Story
tt5973364,29258,0,29258,Lemon
tt5973508,34034,7001778,7035812,Gosanja: Dae-dong-yeo Ji-do
tt5974388,107977,1571975,1679952,In Between
tt5974460,1200885,71632,1272517,The Women's Balcony
tt5974624,3669,487625,491294,Soul on a String
tt5976178,954,2696568,2697522,Gangsterdam
tt5977276,1618497,7597094,9215591,The Aftermath
tt5980232,327959,26672,354631,Kaashmora
tt5980798,12433,253062,265495,Fï¿½ï¿½ï¿½
tt5982852,1654254,21319765,22974019,Jolly LLB 2
tt5989218,4102648,3848320,7950968,Life Itself
tt5989220,83418,108562,191980,Claire's Camera
tt5990066,3351,0,3351,Bad Match
tt5990474,1017107,75970,1093077,Columbus
tt5991206,1412404,129941,1542345,The Wedding Plan
tt5991974,73548,534661,608209,The Last Suit
tt5994166,3292,23046,26338,At First Light
tt5996718,3133,0,3133,Hot to Trot
tt5997666,1664648,2743127,4407775,Jab Harry Met Sejal
tt5999530,52087,396742,448829,Before We Vanish
tt6000478,11962778,1063082,13025860,"Roman J. Israel, Esq."
tt6002232,83882,3706421,3790303,Custody
tt6003368,20738724,19402248,40140972,Diary of a Wimpy Kid: The Long Haul
tt6010020,84532,5412644,5497176,Warriors of the Dawn
tt6010976,42310,9402,51712,Midnight Family
tt6012380,323688,412028,735716,Ordinary Love
tt6013154,555309,0,555309,Dolores
tt6015328,456854,87509088,87965942,Chasing the Dragon
tt6017942,5718096,4594923,10313019,Kin
tt6018306,965481,903556,1869037,Last Flag Flying
tt6023560,1709073,0,1709073,"To Joey, with Love"
tt6024606,55409,281629,337038,Voyage of Time: The IMAX Experience
tt6027344,17930,1460,19390,Mansfield 66/67
tt6040662,547750,17149044,17696794,The Children Act
tt6044910,800012,172328775,173128787,Operation Mekong
tt6045466,90979,3091174,3182153,Madame
tt6046212,2534252,11076000,13610252,Do It Like An Hombre
tt6046314,125569,224695,350264,Bel Canto
tt6052748,112007,0,112007,A Chance in the World - Premiere
tt6053438,3448256,414242,3862498,First Reformed
tt6054650,2587072,0,2587072,A Question of Faith
tt6054874,9996,10423263,10433259,Furious
tt6057032,250130,1411,251541,Gook
tt6061364,37058,0,37058,Small Group
tt6062774,406473,930120,1336593,Monos
tt6063050,43549096,2854573,46403669,Tyler Perry's Acrimony
tt6067388,28698,0,28698,The Cat Rescuers
tt6067462,82778,20408094,20490872,Cock and Bull
tt6069126,14018,376863,390881,The Escape
tt6069162,13892,47379,61271,Here and Now
tt6074202,744541,118363039,119107580,I Belonged to You
tt6079976,73885,0,73885,After Auschwitz
tt6082630,18579,0,18579,Bobbi Jene
tt6083388,53000,9506524,9559524,God of War
tt6086614,359735,143206,502941,Letters From Baghdad
tt6088298,6230,0,6230,In the Steps of Trisha Brown
tt6091028,7519,0,7519,Birthright: A War Story
tt6093162,378899,0,378899,I'll Push You: A Real-Life Inspiration
tt6094944,5088,0,5088,Bad Lucky Goat
tt6094970,15088,0,15088,Rebels on Pointe
tt6095472,41657076,105751635,147408711,The Angry Birds Movie 2
tt6096340,1780,0,1780,The Lost Village
tt6101602,185576,11733,197309,Madeline's Madeline
tt6101820,1014507,21336894,22351401,Perfect Strangers
tt6105098,543638043,1113075415,1656713458,The Lion King
tt6105406,15920,0,15920,Charged: The Eduardo Garcia Story
tt6107516,3696,0,3696,The Family
tt6107548,15499454,6887101,22386555,Late Night
tt6108178,3498782,4371345,7870127,Disobedience
tt6113488,14682684,2961812,17644496,The Case for Christ
tt6117702,99629,89476,189105,Munna Michael
tt6122752,6747,0,6747,A Whale of a Tale
tt6129302,57376,24416,81792,Bhavesh Joshi Superhero
tt6130166,134165,0,134165,Ism
tt6133130,1584759,314856,1899615,Professor Marston & the Wonder Women
tt6133466,69488745,67567517,137056262,The First Purge
tt6135054,13331,1264734,1278065,Shed Skin Papa
tt6135348,125189,7579180,7704369,BPM
tt6136430,11137,3381,14518,Ferrante Fever
tt6138688,485728,82400450,82886178,Once Upon A Time
tt6139732,355559216,695134737,1050693953,Aladdin
tt6140144,4400,0,4400,The Peacemaker
tt6140148,11257,0,11257,Bullitt County
tt6144092,79887,0,79887,En el sï¿½ï¿½ï¿½ï¿½
tt6144536,11567,4615,16182,This is Our Land
tt6146586,171015687,155694040,326709727,John Wick: Chapter 3 - Parabellum
tt6147512,30110,175240,205350,The Desert Bride
tt6149818,47807,2215,50022,Quest
tt6150238,96777,9379417,9476194,The Mayor
tt6152908,293194,109300527,109593721,Buddies in India
tt6153962,13498,0,13498,Shadowman
tt6155194,252410,37654,290064,Best F iends: Volume 1
tt6156498,1187280,0,1187280,Los Domirriqueï¿½ï¿½
tt6157600,78366,5257084,5335450,Sky on fire
tt6159518,59912,0,59912,The Force
tt6159520,14030,0,14030,Chasing the Blues
tt6163356,149090,0,149090,Michael Moore in TrumpLand
tt6164502,19084,0,19084,November
tt6167014,356255,25181504,25537759,Mr. Donkey
tt6170484,706153,360976465,361682618,Monster Hunt 2
tt6170804,11218,42722,53940,The Assassin's Code
tt6175078,466505,47699026,48165531,Luck-Key
tt6175486,2900,0,2900,Demons
tt6175710,8290,0,8290,Served Like a Girl
tt6176928,182799,0,182799,Whose Streets?
tt6182908,83240103,130800000,214040103,Smallfoot
tt6183104,251917,0,251917,Canal Street
tt6186232,607290,97678,704968,Itzhak
tt6188658,17181,0,17181,Food Evolution
tt6189022,69030436,72270535,141300971,Angel Has Fallen
tt6192878,9384,0,9384,Miss Kiet's Children
tt6193424,1157604,831237,1988841,The Trip to Spain
tt6195442,56218,0,56218,Saving Brinton
tt6197476,7241,0,7241,Too Outrageous Animation
tt6203570,365412,1764477,2129889,Mountain
tt6205872,2005142,579846,2584988,Assassination Nation
tt6207096,33211,0,33211,Wasted! The Story of Food Waste
tt6207878,36444,70924,107368,"No Date, No Signature"
tt6208950,161565,0,161565,The Samuel Project
tt6209282,158192,40047,198239,Ex Libris: New York Public Library
tt6210160,36686,28056,64742,Searching for Ingmar Bergman
tt6210996,2263,65997,68260,10x10
tt6212478,2856954,1223119,4080073,American Animals
tt6213284,50868,131594,182462,I Am Not A Witch
tt6213362,177331,3990277,4167608,The Guardians
tt6213952,19037,0,19037,Anything
tt6217608,2419031,1015932,3434963,The Rider
tt6217664,148666,124176,272842,Chavela
tt6217804,47319572,1014360,48333932,Boo 2! A Madea Halloween
tt6223806,67596,877395,944991,Under the Tree
tt6223974,14773,30148,44921,The Farthest
tt6225520,5676486,2419521,8096007,The Man Who Invented Christmas
tt6235786,35757,0,35757,The Road Movie
tt6238896,81345,11631151,11712496,Earth: One Amazing Day
tt6246092,22257,870,23127,The Judge
tt6246170,700723,400224,1100947,Chaar Sahibzaade 2: Rise of Banda Singh Bahadur
tt6247064,1260116,0,1260116,Chonda Pierce: Enough
tt6247936,56556,3820318,3876874,Django
tt6251390,6291,0,6291,Under the Eiffel Tower
tt6251666,3350,0,3350,Followers
tt6255478,37788,0,37788,The Heart of Nuba
tt6256978,145625,0,145625,Framing John DeLorean
tt6257174,904703,547026,1451729,The Miseducation of Cameron Post
tt6261048,407871,0,407871,"Love, Kennedy"
tt6263642,4439,0,4439,Generation Iron 2
tt6263828,400530,51842,452372,Leaning Into The Wind
tt6264264,1447,0,1447,That Way Madness Lies...
tt6265828,1596371,355312,1951683,A Ghost Story
tt6266218,2077,0,2077,Dayveon
tt6266538,47836282,28237206,76073488,Vice
tt6269368,8208,159786,167994,The Clovehitch Killer
tt6272828,758868,12141100,12899968,Mubarakan
tt6273736,57759,3270758,3328517,Vanishing Time: A Boy Who Returned
tt6277440,1993259,23199432,25192691,Badrinath Ki Dulhania
tt6280608,5312,10236,15548,Postcards from London
tt6281242,10298,0,10298,Painted Woman
tt6288124,1441705,2793039,4234744,"Don't Worry, He Won't Get Far on Foot"
tt6288250,800148,682208,1482356,Patti Cake$
tt6288650,13588,17261107,17274695,Legend of the Naga Pearls
tt6293032,14450,0,14450,My Son
tt6294822,81903458,97865999,179769457,The Post
tt6296764,18399,0,18399,306 Hollywood
tt6303866,473771,12852,486623,Beach Rats
tt6304046,147391,1316336,1463727,Thelma
tt6304162,566356,3359636,3925992,Loveless
tt6305892,5166,0,5166,The Gliksmans
tt6306064,31445012,28500000,59945012,Adrift
tt6313378,103636,2877346,2980982,Memoir of War
tt6316170,902012,0,902012,George Takei's Allegiance
tt6317962,525280,25147126,25672406,Fireworks
tt6320628,390532085,741395911,1131927996,Spider-Man: Far from Home
tt6322922,3496795,1902181,5398976,An Inconvenient Sequel: Truth to Power
tt6324278,60716390,116200000,176916390,Abominable
tt6330052,200140,3117729,3317869,Gauguin: Voyage to Tahiti
tt6330246,6300,14874197,14880497,School of Life
tt6332276,382457,51980,434437,What We Left Behind: Star Trek DS9
tt6333056,128015,100210,228225,City of Ghosts
tt6333058,90503,6021,96524,Dina
tt6333066,21439,1114,22553,Trophy
tt6333070,30678,182365,213043,The Wound
tt6333074,14637,0,14637,Last Men in Aleppo
tt6333080,226006,0,226006,Rumble: The Indians Who Rocked The World
tt6333086,1703036,259229,1962265,Menashe
tt6333092,176076,47225,223301,Take Every Wave: The Life of Laird Hamilton
tt6335734,406490,3471718,3878208,"The Night Is Short, Walk on Girl"
tt6336356,2418404,39560027,41978431,Mary and the Witch's Flower
tt6337930,15788,0,15788,Defining Hope
tt6340090,65410,21041,86451,Beuys
tt6342440,15152,0,15152,Funan
tt6343058,375391,224754,600145,Oh Lucy!
tt6343314,115715889,98400000,214115889,Creed II
tt6344664,522805,8192807,8715612,Code Geass: Lelouch of the Re;Surrection
tt6346162,2827489,0,2827489,Disney's Newsies: The Broadway Musical!
tt6348138,16649539,9599930,26249469,Missing Link
tt6352548,97049,2369623,2466672,Poster Boys
tt6356220,241251,0,241251,Play the Flute
tt6359956,72110659,58449769,130560428,A Bad Moms Christmas
tt6360332,2737155,0,2737155,Is Genesis History?
tt6365796,11692,0,11692,The Grizzlies
tt6367558,167581,4844842,5012423,Double Lover
tt6370266,21907,14679,36586,Bending the Arc
tt6370614,20765,0,20765,Did You Wonder Who Fired the Gun?
tt6386748,507259,2010090,2517349,Birds of Passage
tt6388074,60607,0,60607,Viper Club
tt6388082,51996,19110328,19162324,My Annoying Brother
tt6390580,23481,0,23481,Letter from Masanjia
tt6390668,146535,1515076,1661611,Invisible Life
tt6391732,11222,0,11222,The Pathological Optimist
tt6394270,31762808,27601836,59364644,Bombshell
tt6398184,96854135,93200000,190054135,Downton Abbey
tt6398666,100026,95621294,95721320,Some Like It Hot
tt6399158,104874,18202616,18307490,Fabricated City
tt6400280,38399,0,38399,Araby
tt6402212,32494,0,32494,Spettacolo
tt6410564,89315,13310248,13399563,The Third Murder
tt6411322,144550,0,144550,Irving Berlin's Holiday Inn The Broadway Musical
tt6412864,37489,391670,429159,On the Beach at Night Alone
tt6418778,76916,0,76916,Fast Color
tt6418918,150010,21902,171912,Little Woods
tt6421110,20877013,876352,21753365,Proud Mary
tt6423362,4950029,1700000,6650029,The Sun Is Also a Star
tt6423776,892421,3300169,4192590,Let the Sunshine In
tt6428676,45216793,74342317,119559110,Wonder Park
tt6433456,120486,818280,938766,Becoming Astrid
tt6433880,545597,124833,670430,Anna and the Apocalypse
tt6435258,590671,0,590671,Bethany Hamilton: Unstoppable
tt6436888,3392,0,3392,The Cage Fighter
tt6439020,1876298,11770189,13646487,The Personal History of David Copperfield
tt6443294,704955,0,704955,Blaze
tt6444838,22061,977995,1000056,The Workshop
tt6449336,105890,124093,229983,"Belle and Sebastian, Friends for Life"
tt6450186,83482352,2543849,86026201,I Can Only Imagine
tt6450804,62253077,198866215,261119292,Terminator: Dark Fate
tt6451304,79393,424610,504003,Have a Nice Day
tt6452332,109857,51396,161253,Lu Over the Wall
tt6452574,7909317,63625813,71535130,Sanju
tt6456222,114603,0,114603,Nostalgia
tt6461514,471575,150621209,151092784,Duckweed
tt6462506,24746,141276,166022,The Day After
tt6466464,187074,114897502,115084576,The Monkey King 3
tt6471628,38510,0,38510,Divide and Conquer: The Story of Roger Ailes
tt6472976,45729221,45792873,91522094,Five Feet Apart
tt6476140,8547045,5907577,14454622,Serenity
tt6483364,441366,1016000,1457366,Teen Spirit
tt6485776,94450,10638876,10733326,Golden Slumber
tt6487050,725286,0,725286,May it Last: A Portrait of the Avett Brothers
tt6495094,1379497,48628,1428125,Little Women
tt6495388,817990,110275,928265,Like Arrows
tt6495526,8362,0,8362,Gilbert
tt6495770,5059608,44055,5103663,Action Point
tt6499752,11977130,2400000,14377130,Upgrade
tt6507954,2835355,42442,2877797,The Oscar Nominated Short Films 2017: Live Action
tt6509058,80115,11885,92000,Nancy
tt6509432,24662,0,24662,The Departure
tt6510332,1257275,1481971,2739246,McQueen
tt6511932,3502600,1051697,4554297,The Beach Bum
tt6512428,3511417,78216,3589633,Indivisible
tt6513120,22958886,16100000,39058886,Fighting with My Family
tt6515910,2705,34008,36713,The Kindness of Strangers
tt6516314,15856,133355,149211,Piercing
tt6518270,6701,20658,27359,An Evening with Beverly Luff Linn
tt6523720,6235,13741312,13747547,The Quake
tt6527426,1035388,1560374,2595762,Zero
tt6532374,24708,1353040,1377748,Swimming with Men
tt6532954,24955,13268,38223,No Intenso Agora
tt6536668,8941,0,8941,Summer of '67
tt6543652,4580048,15705018,20285066,Cold War
tt6548966,519461,900574,1420035,Fairy Tail: Dragon Cry
tt6559390,28293,3534500,3562793,The Apparition
tt6565702,65845974,186597000,252442974,X-Men: Dark Phoenix
tt6566400,62734,0,62734,The Gardener
tt6566624,43766,0,43766,Hitler's Hollywood
tt6572702,127259,26314633,26441892,Monster Family
tt6573444,527845,1254157,1782002,Human Flow
tt6574272,3600146,0,3600146,Phoenix Forgotten
tt6578572,117460,496087,613547,Ryuichi Sakamoto: Coda
tt6580564,1343797,10871092,12214889,102 Not Out
tt6587706,9065,0,9065,El Mar La Mar
tt6588966,330279,3889000,4219279,Hichki
tt6589464,207481,20997848,21205329,The Prison
tt6593240,21598,87788,109386,A Paris Education
tt6595896,2401722,35150422,37552144,Pokï¿½ï¿½ï¿½ï¿½ï¿½ï¿½ï¿½ï¿½ï¿½ï¿½
tt6598626,2583,0,2583,Take Me
tt6599064,55482,725557,781039,The Paris Opera
tt6599340,43144,8812593,8855737,Bluebeard
tt6604174,9512,0,9512,Living Proof
tt6622540,115013,20671,135684,Mantra: Sounds Into Silence
tt6627466,3981,0,3981,Dream Boat
tt6628102,34014,1662244,1696258,The Wild Pear Tree
tt6628394,17839115,14043609,31882724,Bad Times at the El Royale
tt6633182,217932,0,217932,Dark Money
tt6634646,112282,0,112282,"Hale County This Morning, This Evening"
tt6644200,188024361,152915000,340939361,A Quiet Place
tt6652708,5728940,1685238,7414178,God's Not Dead: A Light in Darkness
tt6654082,383868,0,383868,BOSTON: An American Running Story
tt6654316,1891956,225199334,227091290,Youth
tt6662736,260136,273443,533579,What They Had
tt6663582,33562069,41758611,75320680,The Spy Who Dumped Me
tt6673612,77047065,150861065,227908130,Dolittle
tt6674514,4547,8079,12626,Kangaroo
tt6680312,19128,0,19128,Who We Are Now
tt6690310,54174,22703590,22757764,Extraordinary Mission
tt6692354,298032,2222455,2520487,Coincidence
tt6702308,75506,0,75506,The Riot Act
tt6704880,19712,149059,168771,Girls of the Sun
tt6705860,336166,0,336166,Diane
tt6709826,27151,0,27151,Bronx Gothic
tt6710658,5500,1609,7109,The Reagan Show
tt6722030,35419122,1180239,36599361,The Intruder
tt6723592,48300000,275200000,323500000,Tenet
tt6729000,21456,0,21456,Tyrel
tt6738136,102091,811240,913331,Revenge
tt6742252,207140,4390911,4598051,The Guilty
tt6751668,53369749,200885402,254255151,Parasite
tt6752848,820300,271977,1092277,Bombshell: The Hedy Lamarr Story
tt6763252,109226,1087443,1196669,The Captain
tt6764122,57345,0,57345,Ramen Heads
tt6769280,10003,256487,266490,Time Freak
tt6772874,337670,30658945,30996615,This Is Not What I Expected
tt6772950,41411015,53919478,95330493,Blumhouse's Truth or Dare
tt6775942,259291,14310,273601,The King
tt6776572,8915,158808,167723,Beauty and the Dogs
tt6777114,5204,716845,722049,12 Days
tt6777170,34482,2563,37045,24 Frames
tt6777184,58597,0,58597,Horn from the Heart: The Paul Butterfield Story
tt6777338,27741,8709717,8737458,The Villainess
tt6781296,2684,0,2684,Straight Into a Storm
tt6781982,77339130,25766748,103105878,Night School
tt6790530,2534370,0,2534370,IN OUR HANDS: Battle for Jerusalem
tt6791096,48795601,45743825,94539426,I Feel Pretty
tt6794376,11925,0,11925,Frank Serpico
tt6794462,31534,0,31534,"Intent to Destroy: Death, Denial & Depiction"
tt6794464,9103,0,9103,Julian Schnabel: A Private Portrait
tt6794466,11293,3171,14464,The Public Image is Rotten
tt6797204,51766,2580326,2632092,Beautiful Accident
tt6802308,36276286,20800000,57076286,The 15:17 to Paris
tt6802896,41934,62874,104808,A Ciambra
tt6803212,5215062,72949,5288011,Don't Let Go
tt6803974,1926,0,1926,West Of The Jordan River
tt6805354,18415,487354,505769,Gabriel and the Mountain
tt6806448,173810100,585100000,758910100,Fast & Furious Presents: Hobbs & Shaw
tt6811018,16790790,15350180,32140970,The Kid Who Would Be King
tt6814080,124187,46139050,46263237,The Thousand Faces of Dunjia
tt6815320,17778,0,17778,Escapes
tt6817202,90959,11292534,11383493,The King's Case Note
tt6820256,2410795,1713220,4124015,Arctic
tt6823368,111035005,135950571,246985576,Glass
tt6836936,2872057,2836465,5708522,Saaho
tt6841122,58186,243814,302000,Summerland
tt6842524,152284,11102,163386,"Hare Krishna! The Mantra, the Movement and the Swami Who Started It"
tt6842752,65424,0,65424,Architects of Denial
tt6843812,1319579,29890510,31210089,Baaghi 2
tt6848602,3455267,0,3455267,Til Death Do Us Part
tt6848624,187320,0,187320,Owaranai hito: Miyazaki Hayao
tt6848736,166018,0,166018,Far From the Tree
tt6850820,35418723,18500000,53918723,Peppermint
tt6851066,102609,10219,112828,Filmworker
tt6857112,175005930,80100000,255105930,Us
tt6857166,68566296,35871892,104438188,Book Club
tt6859352,129124,10426,139550,Support the Girls
tt6859762,713143,1111759,1824902,The Little Stranger
tt6862538,350369,0,350369,Yellow Rose
tt6865478,145524,0,145524,The Last Dalai Lama?
tt6866224,371784,527253,899037,The Hummingbird Project
tt6869538,262963,89777808,90040771,Detective Dee: The Four Heavenly Kings
tt6871338,3919,0,3919,Mother of a Day
tt6874242,60078,0,60078,Just One Drop
tt6874254,18779,224068,242847,Out of Blue
tt6878038,1527829,80146180,81674009,A Taxi Driver
tt6878882,1543547,577677013,579220560,Operation Red Sea
tt6882604,139593,0,139593,Archive
tt6883152,20449,0,20449,The Devil and Father Amorth
tt6884200,58403,2381,60784,A Kid Like Jake
tt6889866,2023749,1449867,3473616,The Metropolitan Opera HD Live: Puccini: Tosca
tt6896536,618883,737276,1356159,Foxtrot
tt6898616,1115018,0,1115018,The Metropolitan Opera HD Live: Donizetti: L'Elisir d'Amore
tt6898634,1764201,0,1764201,The Metropolitan Opera HD Live: Puccini: La Bohï¿½ï
tt6898654,1033651,299249,1332900,The Metropolitan Opera HD Live: Rossini: Semiramide
tt6898932,1243306,503953,1747259,The Metropolitan Opera HD Live: Massenet: Cendrillon
tt6900448,812794,26714167,27526961,Mirai
tt6902696,5611123,5533883,11145006,Gloria Bell
tt6903636,375208,257186,632394,Grace Jones: Bloodlight and Bami
tt6904272,110986,15118207,15229193,The Negotiation
tt6905402,112552,0,112552,A Boy. A Girl. A Dream.
tt6905696,4665,726097,730762,Slaughterhouse Rulez
tt6908854,7323,0,7323,Shoah: Four Sisters
tt6910020,1016188,35059129,36075317,Nothing to Lose
tt6911608,120634935,274409771,395044706,Mamma Mia! Here We Go Again
tt6914122,7464,0,7464,Resistance
tt6915100,2008385,6600000,8608385,Pope Francis - A Man Of His Word
tt6920356,1036737,682420,1719157,The Souvenir
tt6921996,4412170,154558606,158970776,Johnny English Strikes Again
tt6923740,4215,0,4215,Stella's Last Weekend
tt6923892,29644,0,29644,The Perfect Race
tt6924650,56846802,67137358,123984160,Midway
tt6927152,167937,12191636,12359573,Rampant
tt6931414,472166,41037114,41509280,The Great Battle
tt6933338,26563,0,26563,Josï¿
tt6933454,2032018,228928,2260946,Puzzle
tt6938828,2294915,8710798,11005713,At Eternity's Gate
tt6951396,343387,0,343387,Countdown to Canelo vs. Chavez Jr.
tt6951892,4719928,153897,4873825,Samson
tt6957966,990230,372306,1362536,Little Italy
tt6958014,6877,0,6877,Duck Butter
tt6958212,104297,1743396,1847693,Sweet Country
tt6964076,4600249,3056116,7656365,Pavarotti
tt6966692,85080171,236672485,321752656,Green Book
tt6971752,689874,498667,1188541,Shubh Mangal Savdhan
tt6976172,122530,276,122806,"14 Days, 12 Nights"
tt6977434,6067,0,6067,The Fuzz
tt6977442,44045,0,44045,Liyana
tt6980546,2663090,613167,3276257,Bharath Ane Nenu
tt6980550,1034,0,1034,Invisible Hands
tt6980960,889863,0,889863,Mafia Inc
tt6985200,75134,25300732,25375866,Keys To The Heart
tt6988116,2729336,13401003,16130339,Kalank
tt6998518,1214525,120959,1335484,Mandy
tt7008872,6788692,5064389,11853081,Boy Erased
tt7014006,13539709,807724,14347433,Eighth Grade
tt7022500,179045,24064780,24243825,The Accidental Detective 2: In Action
tt7026672,6102076,4319771,10421847,Every Day
tt7027278,901131,637715,1538846,Kedarnath
tt7029252,377334,0,377334,Attack on Titan: Smoke Signal
tt7037566,507268,12884781,13392049,Our President
tt7040874,53548586,44096031,97644617,A Simple Favor
tt7046524,64147,15638155,15702302,Feng Shui
tt7046974,222001,10175407,10397408,Swing Kids
tt7048622,1001305,2600298,3601603,The Insult
tt7049542,32427,0,32427,An Acceptable Loss
tt7054636,73257045,1490680,74747725,A Madea Family Funeral
tt7055592,14204,39951888,39966092,Brotherhood of Blades 2
tt7056772,237411,0,237411,Alien Intrusion: Unmasking a Deception
tt7057306,34556,10103,44659,That Summer
tt7058854,16572,0,16572,Haikara-San: Here Comes Miss Modern
tt7059844,202000,14470074,14672074,Dabangg 3
tt7064498,37108,7325622,7362730,Return of the Hero
tt7073518,2208,0,2208,7 from Etheria
tt7074886,2000105,1242130,3242235,The Front Runner
tt7075594,114560,9370154,9484714,Our Time Will Come
tt7083526,40713082,9731276,50444358,Breakthrough
tt7087210,26284,0,26284,Donnybrook
tt7088344,12609,0,12609,American Socialist: The Life and Times of Eugene Victor Debs
tt7089878,63204,663250,726454,Liz and the Blue Bird
tt7089882,90341,2312689,2403030,Sound! Euphonium the Movie - Our Promise: A Brand New Day
tt7095654,365639,38681514,39047153,Believer
tt7108976,104013,18499463,18603476,Detective K: Secret of the Living Dead
tt7125860,14915773,5656918,20572691,If Beale Street Could Talk
tt7127248,2620183,564201,3184384,Showtime Championship Boxing: Floyd Mayweather vs. Conor McGregor
tt7130802,32016,0,32016,Desolation Center
tt7131622,142502728,231838573,374341301,Once Upon a Time... in Hollywood
tt7131870,2721100,867604339,870325439,Wolf Warrior 2
tt7134096,5437971,457641,5895612,The Rhythm Section
tt7135152,11400,0,11400,Beside Bowie: The Mick Ronson Story
tt7137380,1533324,4047616,5580940,Destroyer
tt7137846,46840590,4571030,51411620,Breaking In
tt7146812,61555145,42469645,104024790,Onward
tt7147540,790628,803536,1594164,Made in India
tt7153434,276195,1143,277338,Science Fair
tt7153766,7732899,6560702,14293601,Unsane
tt7158430,2386251,30914,2417165,Hearts Beat Loud
tt7160070,1908823,107475149,109383972,Along With the Gods: The Two Worlds
tt7160176,252895,28392553,28645448,The Fortress
tt7179594,6976,0,6976,What We Found
tt7180544,75929,62586,138515,The Brawler
tt7186092,73304,10254,83558,"Nico, 1988"
tt7204348,109608,5495072,5604680,El Angel
tt7207238,1723379,197842,1921221,Jane
tt7208564,82774,40059,122833,Blood Fest
tt7210348,166616,28901,195517,Boom for Real: The Late Teenage Years of Jean-Michel Basquiat
tt7211972,13666,0,13666,Red Trees
tt7212726,5102129,4763139,9865268,Simmba
tt7213936,44156,2146975,2191131,What Will People Say
tt7215388,48650,0,48650,The China Hustle
tt7215444,191900,70386,262286,The Final Year
tt7218518,1670192,25588573,27258765,Pad Man
tt7218804,400713,53837,454550,The Gospel According to Andrï¿
tt7218812,4685,0,4685,The Other Side of Everything
tt7220754,10153,12307,22460,Heavy Trip
tt7229394,703396,0,703396,Countdown to Canelo vs. Golovkin
tt7231342,2178460,1932468,4110928,The Fall of the American Empire
tt7233726,203775,27505941,27709716,Default
tt7235016,76056,0,76056,93Queen
tt7236034,277019,33470987,33748006,I Want to Eat Your Pancreas
tt7240130,35423,0,35423,PGS: Intuition Is Your Personal Guidance System
tt7242142,4333394,671996,5005390,Blindspotting
tt7243686,241916,29480000,29721916,The Swindlers
tt7243750,20374,2249518,2269892,RV: Resurrected Victims
tt7250056,704919,2913969,3618888,Non-Fiction
tt7253216,1319,1256618,1257937,Guy
tt7255568,778566,857341,1635907,Student of the Year 2
tt7259986,20940,0,20940,Ava
tt7260048,68492,0,68492,Outside In
tt7282468,718991,6847971,7566962,Burning
tt7283212,134288,0,134288,The Times of Bill Cunningham
tt7286456,335451311,738800000,1074251311,Joker
tt7286916,1082223,471981,1554204,The Dawn Wall
tt7294150,331279,441323073,441654352,The Eight Hundred
tt7298400,422814,11390695,11813509,Ash Is Purest White
tt7304194,5065,0,5065,Notes on an Appearance
tt7312940,4176,82646,86822,Singularity
tt7313348,159218,13734,172952,Them That Follow
tt7317494,9627,0,9627,The Quest of Alain Ducasse
tt7329656,22260900,17737792,39998692,47 Meters Down: Uncaged
tt7334528,42469946,4194468,46664414,Uncle Drew
tt7334702,5434,0,5434,Cuban Food Stories
tt7336470,36205,121965,158170,Buï¿½ï¿½ï¿½ï¿½ï¿½ï¿½ï¿½ï¿½ï¿½ï¿½ï¿½ï¿½ï
tt7336572,85624,22004680,22090304,Big Brother
tt7339248,2410914,3355,2414269,The Art of Self-Defense
tt7339584,312537,8806336,9118873,City Of Rock
tt7339792,6216897,0,6216897,Unbroken: Path to Redemption
tt7339826,204238,4345293,4549531,Maquia: When the Promised Flower Blooms
tt7342204,63239,23961205,24024444,I Can Speak
tt7343762,83083070,27800000,110883070,Good Boys
tt7347846,2138907,1015220,3154127,The Lodge
tt7349662,49275340,44125483,93400823,BlacKkKlansman
tt7349950,211593228,260500000,472093228,It Chapter Two
tt7363076,1010385,1020750,2031135,Raid
tt7363336,889343,2291809,3181152,Tea With the Dames
tt7364566,1267301,918261,2185562,Maria By Callas
tt7365040,6517,0,6517,Spiral Farm
tt7365604,6809080,9964,6819044,Dog Days
tt7370952,1056416,0,1056416,Bennett's War
tt7374952,1400603,4043,1404646,El Chicano
tt7379362,880,0,880,Extraordinary Ordinary People
tt7388562,17560475,5478768,23039243,"Paul, Apostle of Christ"
tt7390646,22055313,683427,22738740,Black and Blue
tt7401588,67363237,53192964,120556201,Instant Family
tt7407496,14905,0,14905,Trust Machine: The Story of Blockchain
tt7424200,29790236,22300000,52090236,Teen Titans GO! to the Movies
tt7424358,1229782,0,1229782,Steve McQueen: American Icon
tt7430722,4654000,62525155,67179155,War
tt7431594,1690861,5126530,6817391,Race 3
tt7435110,348833,101440,450273,Pearl Jam: Let's Play Two
tt7455754,739711,158281,897992,The Game Changers
tt7456310,7743794,23174932,30918726,Anna
tt7461200,401463,0,401463,The Oath
tt7463730,295784,3737803,4033587,Junglee
tt7475540,87400,57046,144446,The Price of Everything
tt7476236,11998,78330,90328,Minding the Gap
tt7476784,207533,0,207533,Heading Home: The Tale of Team Israel
tt7478112,15241,0,15241,People's Republic of Desire
tt7485048,2269878,22431759,24701637,Super 30
tt7499368,219342,0,219342,Fragments of Truth
tt7504726,62342368,45262258,107604626,The Call of the Wild
tt7509586,122700,7608710,7731410,Explosion
tt7510346,15472775,2889104,18361879,The Turning
tt7519174,12579,0,12579,Of Fathers and Sons
tt7520286,117470,0,117470,Bisbee '17
tt7521990,285795,46993882,47279677,Golden Job
tt7522002,1575000,0,1575000,Genesis: Paradise Lost
tt7525514,148568,5622,154190,Bad Reputation
tt7534054,30628,1605645,1636273,Sorry Angel
tt7539078,3142,0,3142,Game Changers
tt7542576,100335,0,100335,All About Nina
tt7545266,22169514,6814207,28983721,Like a Boss
tt7545524,3703184,6431020,10134204,Ben Is Back
tt7545566,236799,50508,287307,Skate Kitchen
tt7547410,60477943,59204692,119682635,Dora and the Lost City of Gold
tt7549776,2670925,6996232,9667157,Tod@s Caen
tt7549996,24313888,17763416,42077304,Judy
tt7575410,8998,0,8998,Zoo Wars
tt7587876,104732,5067,109799,Hope Gap
tt7592758,69431,7679,77110,Parchi
tt7605074,5875487,693885286,699760773,The Wandering Earth
tt7607940,104156,175778,279934,Namaste England
tt7609180,37047,3556433,3593480,Heart Blackened
tt7615302,1579730,9067763,10647493,Red Joan
tt7615722,451,53287,53738,The Legend of Hallowaiian
tt7616148,2010613,257591,2268204,Luce
tt7616798,42004346,34083210,76087556,A Dog's Way Home
tt7630164,7347,0,7347,Big Time
tt7634968,54611903,17604391,72216294,What Men Want
tt7639372,2167632,22863635,25031267,Total Dhamaal
tt7645502,70814,35271736,35342550,Namiya
tt7645780,386166,0,386166,The Wedding Guest
tt7660966,13210,0,13210,Our Blood is Wine
tt7664504,12320845,1127652,13448497,Three Identical Strangers
tt7668870,26020957,49441080,75462037,Searching
tt7671064,7189808,252298,7442106,Brittany Runs a Marathon
tt7681824,400961,33782,434743,We the Animals
tt7681902,22835787,6613,22842400,Won't You Be My Neighbor?
tt7689484,28288,11857,40145,On Her Shoulders
tt7689906,500101,10866,510967,Monsters and Men
tt7689908,18644,0,18644,Crime + Punishment
tt7689956,68407,1135,69542,Chef Flynn
tt7689964,14017361,423931,14441292,RBG
tt7690016,61271,0,61271,Never Goin' Back
tt7690638,390077,6189568,6579645,Soorma
tt7690670,20545116,235569,20780685,SuperFly
tt7690762,2488,1853159,1855647,The Pact
tt7694738,141524,0,141524,Best F iends Volume Two
tt7698468,119517,0,119517,A Call to Spy
tt7701650,7014,0,7014,In the Land of Pomegranates
tt7701694,115766,0,115766,Mob Psycho 100
tt7703924,429148,0,429148,Infamous
tt7710486,51150,63151,114301,Sympathy for the Devil
tt7711170,464979,27037,492016,Alone
tt7713068,84158461,117700000,201858461,Birds of Prey: And the Fantabulous Emancipation of One Harley Quinn
tt7720922,249539,386330,635869,Batti Gul Meter Chalu
tt7721800,2971549,30214434,33185983,Bharat
tt7734218,22370452,10020493,32390945,Stuber
tt7734990,4898,0,4898,Malek
tt7737734,4825,0,4825,The Other Lamb
tt7743588,186135,57442157,57628292,Goldbuster
tt7745068,5754556,15268168,21022724,My Hero Academia: Two Heroes
tt7751038,718607,0,718607,Revive Us 2
tt7752126,17300439,15592982,32893421,Brightburn
tt7752454,1983984,542077932,544061916,Detective Chinatown 2
tt7759626,208351,0,208351,Agent Mr. Chan
tt7760890,14078,0,14078,"I Was at Home, But"
tt7772498,165627,0,165627,Bright Ones
tt7772582,16565,0,16565,Never Rarely Sometimes Always
tt7775622,17541090,11777771,29318861,Free Solo
tt7778680,344534,205974,550508,Photograph
tt7784604,44069456,35267365,79336821,Hereditary
tt7798634,28714231,28901546,57615777,Ready or Not
tt7798646,20578185,70122,20648307,The Photograph
tt7812334,347468,0,347468,Suicide the Ripple Effect
tt7820280,918127,0,918127,Kirk Cameron: Connect
tt7827944,11140,98319,109459,Wedding Party 2
tt7830888,838959,306753468,307592427,The Ex-File 3: The Return of The Exes
tt7844450,268644,0,268644,The World Before Your Feet
tt7860270,5757906,61766,5819672,Pandas
tt7870578,37115,10228704,10265819,Girls vs Gangsters
tt7873348,301162,0,301162,Save Yourselves!
tt7881542,103385,314284,417669,Happy Phirr Bhag Jayegi
tt7905466,17956913,1173098,19130011,They Shall Not Grow Old
tt7913172,8084,45419,53503,Grass
tt7919680,182009,354516,536525,Karwaan
tt7925798,7888,0,7888,This Magnificent Cake!
tt7931968,15334,0,15334,Narcissister Organ Player
tt7935892,3508777,2346,3511123,The Oscar Nominated Short Films 2018: Live Action
tt7947150,13688,0,13688,This One's for the Ladies
tt7948540,4165949,9968774,14134723,Ya veremos
tt7958736,45373120,15209644,60582764,Ma
tt7959026,103804407,70700000,174504407,The Mule
tt7961060,30712119,83390702,114102821,Dragon Ball Super: Broly
tt7962598,118660,36895073,37013733,Till The End Of The World
tt7966920,90964,23325,114289,John McEnroe: In the Realm of Perfection
tt7968976,13926,0,13926,Weed the People
tt7975244,316831246,479744747,796575993,Jumanji: The Next Level
tt7977594,44002,0,44002,Garry Winogrand: All Things are Photographable
tt7984734,10867104,5900000,16767104,The Lighthouse
tt7984826,99488,0,99488,Meow Wolf: Origin Story
tt7990992,7768,0,7768,The Plagiarists
tt7999770,67136,0,67136,The Doctor from India
tt8001346,1271953,44941814,46213767,Asterix: The Secret of the Magic Potion
tt8014482,26566,0,26566,Milford Graves Full Mantis
tt8020896,32556,7043,39599,An Elephant Sitting Still
tt8042004,12382,0,12382,Killer Raccoons! 2! Dark Christmas in the Dark!
tt8045906,2537745,0,2537745,Words on Bathroom Walls
tt8060652,24281,3692539,3716820,Night of 7 Years
tt8068678,5918,0,5918,I Am MLK Jr.
tt8075192,3313513,64685441,67998954,Shoplifters
tt8077746,17122,10646,27768,Bauhaus Spirit: 100 Years of Bauhaus
tt8079248,73286650,78000000,151286650,Yesterday
tt8080302,7699452,0,7699452,Penguins
tt8085790,40673960,8126615,48800575,Little
tt8091892,420595,16875269,17295864,Fate/stay night [Heaven's Feel] II. lost butterfly
tt8097306,31713110,1819483,33532593,Nobody's Fool
tt8099236,67986,221469,289455,The Silence of Others
tt8103160,36549,132313,168862,Britt-Marie Was Here
tt8106592,45149,0,45149,The Proposal
tt8108164,1182636,2124929,3307565,Ek Ladki Ko Dekha Toh Aisa Laga
tt8108198,1193046,48198160,49391206,Andhadhun
tt8108200,86765,48648,135413,Sonchiriya
tt8108230,789170,22951618,23740788,Pokï¿½ï¿½ï¿½ï¿½ï¿½ï¿½ï¿½ï¿½ï¿½ï¿½ï¿
tt8116428,1200246,96761992,97962238,Along With the Gods: The Last 49 Days
tt8119752,115252,20926698,21041950,Gonjiam: Haunted Asylum
tt8126390,12119,0,12119,The Most Unknown
tt8130968,1861000,1729894,3590894,Badla
tt8134742,2172949,122876,2295825,3 from Hell
tt8135494,19862,0,19862,Active Measures
tt8143990,531430,461964,993394,Kajillionaire
tt8151874,3012615,180295,3192910,Honey Boy
tt8155288,28051045,36452022,64503067,Happy Death Day 2U
tt8160834,163881,3554305,3718186,No Escape
tt8170902,2607916,5200000,7807916,Quï¿½ï¿½ï¿
tt8174450,1807216,0,1807216,The Other Side of Heaven 2: Fire of Faith
tt8184202,3243,0,3243,Over the Limit
tt8186318,34746945,3279158,38026103,Overcomer
tt8196200,29335,0,29335,Charm City
tt8223844,178027,0,178027,Modest Heroes
tt8235296,671198,0,671198,The Trump Prophecy
tt8236398,58090,0,58090,In Search of Greatness
tt8239806,609461,187482912,188092373,The White Storm 2: Drug Lords
tt8244784,5812500,700000,6512500,The Hunt
tt8247470,6839,19602,26441,Rosie
tt8264546,2342264,0,2342264,1991
tt8266310,11901145,6118053,18019198,Blinded by the Light
tt8267604,1661096,62737036,64398132,Capernaum
tt8290698,500803,38343706,38844509,The Spy Gone North
tt8291224,4186168,116286,4302454,Uri: The Surgical Strike
tt8301252,55092,0,55092,American Dream: Detroit
tt8304386,128831,160800,289631,The Zoya Factor
tt8305806,1811162,1773356,3584518,The Wretched
tt8306634,119223,11096,130319,Five Seasons: The Gardens of Piet Oudolf
tt8310924,210091,0,210091,"Faith, Hope & Love"
tt8323120,7380,5217989,5225369,The Truth
tt8328740,134787,158598,293385,Okko's Inn
tt8338762,136585,314500,451085,The Nest
tt8342680,143253,353823,497076,The Burnt Orange Heresy
tt8350360,74152591,154400000,228552591,Annabelle Comes Home
tt8359848,817339,1210052,2027391,Climax
tt8363914,1291514,0,1291514,No Safe Spaces
tt8364368,39014193,52527904,91542097,Crawl
tt8366590,721439,516826,1238265,Baaghi 3
tt8367080,97472,8877075,8974547,Champion
tt8367814,36471795,78700000,115171795,The Gentlemen
tt8372298,33419,234206,267625,Swallow
tt8385474,22546590,49200000,71746590,A Dog's Journey
tt8399664,4507,18970,23477,Babyteeth
tt8399690,104806,229356,334162,Anthropocene: The Human Epoch
tt8404272,746933,82134386,82881319,How Long Will I Love U
tt8420442,12368,0,12368,American Chaos
tt8426594,28252,102722,130974,The Wind
tt8426610,31970,0,31970,Moynihan
tt8427036,71971,184981,256952,Helicopter Eela
tt8449092,245006,0,245006,The Fireflies Are Gone
tt8456568,11225,0,11225,Draupadi Unleashed
tt8461224,612528,0,612528,The Tax Collector
tt8477134,409383,0,409383,Tulsa
tt8484012,322421,0,322421,Sword of Trust
tt8484942,176858,58493,235351,India's Most Wanted
tt8489090,85693,10287436,10373129,Lobster Cop
tt8520614,3429,20468,23897,Under The Wire
tt8526344,34292,5163,39455,Juvenile Delinquents
tt8544498,13590514,1100000,14690514,The Way Back
tt8549902,37727,19091288,19129015,Oolong Courtyard: KungFu School
tt8564902,5885881,0,5885881,Death of a Nation
tt8579674,159227644,209047611,368275255,1917
tt8581198,380030,0,380030,Jane and Emma
tt8593814,930554,0,930554,BANDSTAND: The Broadway Musical on Screen
tt8613070,3759854,19278904,23038758,Portrait of a Lady on Fire
tt8623904,35150750,86400000,121550750,Last Christmas
tt8632862,6352306,321862,6674168,Fahrenheit 11/9
tt8637428,17695781,1906283,19602064,The Farewell
tt8647400,425934,1047182,1473116,De De Pyaar De
tt8650976,10017,0,10017,Guest Artist
tt8652728,1658790,300000,1958790,Waves
tt8659948,34135,7698913,7733048,Love Live! Sunshine!! The School Idol Movie: Over The Rainbow
tt8663516,29208403,15693834,44902237,Child's Play
tt8672348,707875,0,707875,HBO Boxing: Canelo Alvarez vs. Gennady Golovkin II
tt8679160,10402,0,10402,The Advocates
tt8688634,28539757,20000000,48539757,21 Bridges
tt8693770,420177,0,420177,The Cold Blue
tt8695030,6563605,7400000,13963605,The Dead Don't Die
tt8706884,19984,77220,97204,Prassthanam
tt8722346,43808310,1534057,45342367,Queen & Slim
tt8725958,28354,73525,101879,Hotel by the River
tt8726098,16591,7896,24487,Too Late to Die Young
tt8747304,10997,0,10997,Suburban Birds
tt8749146,63944,652,64596,"Monrovia, Indiana"
tt8755316,670883,197655467,198326350,The Island
tt8758548,118344,7463,125807,The Great Buster
tt8760684,9039891,6302462,15342353,Apollo 11
tt8767908,374739,1271636,1646375,Matthias & Maxime
tt8769848,354103,0,354103,The Tomorrow Man
tt8772262,27426361,14825477,42251838,Midsommar
tt8784956,470529,2517212,2987741,Ava
tt8803596,197142,0,197142,Have It All -The Movie
tt8811382,251837,62911,314748,Meeting Gorbachev
tt8819596,13967,0,13967,Screwball
tt8850222,943460,34772198,35715658,Peninsula
tt8856090,151507,0,151507,Before You Know It
tt8869978,493180,771157,1264337,Batla House
tt8870856,171177,0,171177,The Bolshoi Ballet: Live From Moscow - La Sylphide
tt8870874,187946,0,187946,The Bolshoi Ballet: Live From Moscow - Don Quixote
tt8870898,311368,0,311368,Bolshoi Ballet: The Sleeping Beauty
tt8870900,171916,0,171916,Bolshoi Ballet: The Golden Age
tt8870902,207523,303105,510628,Bolshoi Ballet: Carmen Suite/Petrushka
tt8870926,313088,0,313088,The Bolshoi Ballet: Live From Moscow - Romeo and Juliet
tt8870936,167991,0,167991,The Bolshoi Ballet: Live From Moscow - The Lady of the Camellias
tt8870938,175922,0,175922,The Bolshoi Ballet: Live From Moscow - The Flames of Paris
tt8870942,302681,0,302681,The Bolshoi Ballet: Live From Moscow - Giselle
tt8870948,202217,0,202217,The Bolshoi Ballet: Live From Moscow - Coppï¿½ï¿
tt8875366,90896,1498316,1589212,The Crossing
tt8884088,88905,0,88905,Bolshoi Ballet: Swan Lake
tt8884102,104837,30331,135168,The Bolshoi Ballet: Live From Moscow - A Hero of Our Time
tt8884430,3355324,0,3355324,Echo in the Canyon
tt8896632,18750,0,18750,Max Winslow and the House of Secrets
tt8908002,1042905,880681,1923586,Luka Chuppi
tt8923482,270128,1713,271841,One Child Nation
tt8925540,1875283,725445,2600728,Racetime
tt8945942,13333,0,13333,Centigrade
tt8946378,165363234,146189956,311553190,Knives Out
tt8960138,793084,0,793084,Shortcut
tt8961266,285933,144460,430393,Andy Irons: Kissed by God
tt8964214,29450,0,29450,Olympic Dreams
tt8969332,4366949,718289,5085238,The Biggest Little Farm
tt8971476,280851,7166021,7446872,The Whistleblower
tt8973144,120780,0,120780,Free Trip to Egypt
tt8976664,2971116,3321664,6292780,Las Pildoras De Mi Novio
tt8980602,311759,0,311759,The Kid Detective
tt8983166,582720,296476,879196,Panga
tt8991268,815082,31564,846646,Honeyland
tt9000224,1100313,0,1100313,The Assistant
tt9019352,9270920,17222728,26493648,No Manches Frida 2
tt9024106,19005109,2046806,21051915,Unplanned
tt9035872,8445,0,8445,Just One More Kiss
tt9052870,2004400,1302950,3307350,Chhichhore
tt9059850,7015,0,7015,Dreaming Grand Avenue
tt9068272,93298,0,93298,First Lady
tt9071322,11136084,1248673,12384757,Dark Waters
tt9072352,1047083,452351,1499434,Relic
tt9073574,12201,0,12201,Bricked
tt9075778,954641,0,954641,The Fighting Preacher
tt9078374,180946,11653676,11834622,Last Letter
tt9086228,15347654,6636775,21984429,Gretel & Hansel
tt9099136,30444,0,30444,After Parkland
tt9109306,25183,57776,82959,The Final Wish
tt9116358,2313596,7234409,9548005,Promare
tt9133378,23071,0,23071,Premature
tt9134216,44451847,17870202,62322049,Playing with Fire
tt9146030,55446,44057,99503,Heavy Water
tt9150206,812,0,812,TVTV: Video Revolutionaries
tt9151704,4201819,16145694,20347513,Burn the Stage: The Movie
tt9173418,12611536,7700000,20311536,Brahms: The Boy II
tt9185066,6596,0,6596,Human Capital
tt9193612,332432,3594583,3927015,Ride Your Wave
tt9205986,318885,0,318885,You Are Here: A Come From Away Story
tt9207700,101339,1780792,1882131,Made in Italy
tt9208444,10691091,0,10691091,Impractical Jokers: The Movie
tt9209312,1988,628999,630987,Mermaid in Paris
tt9214832,10055355,15100000,25155355,Emma.
tt9219964,304482,0,304482,Showtime Championship Boxing: Deontay Wilder vs. Tyson Fury
tt9225192,101417,11743930,11845347,Unstoppable
tt9231040,101068,0,101068,First Cow
tt9248032,151983,0,151983,"Buttons, A New Musical Film"
tt9248972,3659413,2007644,5667057,Mission Mangal
tt9252488,207928,70690,278618,The Secrets We Keep
tt9282616,551876,117601259,118153135,A Cool Fish
tt9283056,20726,133169,153895,The Tag Along: Devil Fish
tt9288776,34730,61597046,61631776,White Snake
tt9327584,36506,0,36506,ýý tous ceux qui ne me lisent pas
tt9352926,20013,1981,21994,The Sound of Silence
tt9355194,25694,0,25694,The Booksellers
tt9356952,36856,0,36856,The Death of Dick Long
tt9358192,151991,9827,161818,Halston
tt9358196,1012034,1680932,2692966,Marianne & Leonard: Words of Love
tt9376172,607015,88149,695164,The Least of These: The Graham Staines Story
tt9386922,52874,133204,186078,Twiceland
tt9403508,72968,0,72968,5B
tt9411866,3518,0,3518,The Roads Not Taken
tt9426210,7798743,179122311,186921054,Weathering with You
tt9434778,4140,0,4140,Chinese Portrait
tt9441638,514107,1292,515399,The Big Ugly
tt9448868,3509917,6599504,10109421,BTS World Tour: Love Yourself in Seoul
tt9487594,4697364,0,4697364,Menteur
tt9496128,631154,0,631154,Jonah: The Musical
tt9497146,259224,5867035,6126259,Mobile Suit Gundam Narrative
tt9507276,288460,0,288460,Saga of Tanya the Evil - The Movie
tt9526152,271489,67143,338632,Is It Wrong to Try to Pick Up Girls in a Dungeon - Arrow of the Orion
tt9541602,1565885,118366848,119932733,Extreme Job
tt9567718,20943,119522,140465,The Cordillera of Dreams
tt9612680,5487,347,5834,Human Nature
tt9614460,604334,650439,1254773,Chhapaak
tt9617582,208907,0,208907,Kathy Griffin: A Hell of a Story
tt9629026,131225,18521815,18653040,Peppa Celebrates Chinese New Year
tt9748230,752205,56626,808831,Joni 75: A Birthday Celebration
tt9779516,9868521,616463,10484984,I Still Believe
tt9799626,24057,0,24057,Chasing Einstein
tt9810480,2999134,0,2999134,Made for More
tt9825006,119894,0,119894,Avant qu'on explose
tt9844368,265279,0,265279,Out of Liberty
tt9845398,66309,0,66309,End of the Century
tt9896916,1294596,1878686,3173282,Pilgrim's Progress
